
-,-,-
252,2458,-132
250,2236,-304
252,2247,-184
252,2316,-235
239,2039,-102
204,1936,-150
312,1904,-163
252,1898,473
852,-1541,-2837
433,-405,-4038
-165,298,-3186
830,1522,-2117
-452,1282,-1437
-706,567,-2123
-313,-490,-2164
569,-614,-1803
-29,-849,-1462
509,-13,-2165
300,204,-2322
352,607,-1494
-30,674,-1399
180,489,-2359
329,208,-1516
769,915,-1567
996,1369,-3318
716,962,-2760
845,1141,-2677
981,1047,-2574
366,1118,-2411
863,1007,-2193
822,876,-1337
807,1367,-1572
666,532,-265
394,97,236
273,85,196
-232,96,722
-186,325,-233
-405,476,86
-393,1192,-1151
-198,2165,-995
-510,3115,-543
-616,2474,-688
-505,3144,-323
-396,3267,-1157
-404,3945,-555
-108,4805,-457
-102,4541,49
-332,4028,282
-670,4099,37
-523,3046,137
-341,2711,-96
-256,2615,104
-209,1751,148
-88,1354,88
-10,841,229
-69,249,29
-34,110,-141
32662,209,-366
30,-8,-306
-64,-2,-344
-148,755,-215
-230,1364,180
-413,1562,242
-473,2167,-105
-416,2967,-191
-413,2579,-433
-508,3204,-48
-572,3720,-331
-532,4156,-77
-567,4037,-380
-579,3983,-198
-634,3412,-270


















-,-,-
112,2104,236
120,2097,217
123,2178,158
141,2168,254
103,2205,247
124,2199,197
155,2186,216
102,2134,181
89,2155,194
112,2195,175
120,1986,268
100,1910,276
70,1837,287
-3,1550,497
-118,1187,558
-189,806,217
-227,852,280
-456,1042,-135
-482,1584,-116
-698,2435,43
-806,2736,-422
-688,3406,-496
-610,3892,6
-643,3731,83
-563,4115,299
-605,4061,505
-649,3641,430
-706,3667,220
-705,3535,148
-640,2485,-39
-298,1196,27
-158,1045,-20
-103,738,-27
-12,251,9
-29,596,149
-71,585,47
-93,279,57
-141,290,211
-303,902,48
-424,1255,543
-680,1557,297
-637,2752,415
-842,2975,-104
-644,2407,-270
-740,3663,-302
-741,3848,-426
-625,3879,26
-727,4102,414
-767,3544,230
-772,3113,250
-961,3049,234
-926,2607,8
-758,2202,-426
-461,1942,-512
-261,1624,-329
-220,1684,-361
48,1496,175
15,1448,205
100,1218,-183
132,970,54
336,1469,144
321,1561,240
333,1526,218
320,1887,347
311,2148,138
343,2273,104
351,2136,200
321,2181,100
311,2313,-58
337,2258,239
271,2138,173
268,2143,-92


















-,-,-
265,2042,140
246,2004,136
235,1821,178
224,1498,192
162,1310,222
57,1252,16
15,1069,62
-51,1024,382
-258,1340,122
-442,2363,-248
-427,2968,-170
-416,2086,-173
-452,2107,183
-689,3201,35
-567,3275,7
-521,3752,48
-521,4714,23
-396,4173,27
-370,3902,81
-471,3811,336
-554,3073,-177
-327,2430,169
-441,2293,102
-218,1315,316
-147,640,154
-57,217,131
-43,307,-25
27,79,-77
44,-187,12
-115,106,-103
-283,969,116
-347,1341,682
-817,1706,38
-591,2553,314
-771,2231,-9
-775,3540,26
-863,3748,-403
-670,3890,-540
-577,4446,-410
-491,4007,-111
-526,3496,202
-664,3568,212
-672,3045,-143
-507,2684,-255
-452,2610,-109
-277,1894,-95
-167,1452,-93
-40,1334,-159
79,976,-293
182,935,-457
296,1175,-173
340,1542,9
430,1045,-10
445,1419,94
388,2144,-148
458,1927,-83
421,2057,163
434,2256,102
451,2097,60
429,2158,59
426,2242,59
426,2168,-14
426,2233,-79
418,2185,30
400,2111,136
377,2121,96
380,2253,104
367,2083,102
342,1979,90
347,2169,64
340,2134,78
359,2105,19


















-,-,-
258,2206,116
238,2219,99
248,2232,120
266,2199,151
267,1932,329
245,1705,334
237,1487,245
157,1315,323
75,950,297
-44,828,-22
-247,1062,-57
-453,1389,144
-651,1216,-34
-728,1702,387
-1121,2310,-64
-1145,3729,-259
-1077,4702,-530
-714,4698,-391
-528,4357,4
-479,3816,173
-598,3427,92
-703,3261,-73
-745,3434,-20
-665,2699,-209
-608,2391,46
-524,2160,265
-364,1184,263
-173,592,21
15,261,47
21,246,121
87,32,308
-50,417,273
-169,535,220
-357,1074,235
-781,1925,84
-797,1819,-88
-907,2488,40
-1180,3025,-679
-961,3830,-431
-922,4052,-467
-856,4403,-415
-619,3870,-132
-552,3426,74
-651,3472,-24
-748,3477,163
-757,2986,0
-664,2704,-345
-635,2731,22
-588,1986,218
-389,1250,-138
-160,1027,-400
69,832,-340
58,1032,-290
129,1196,-199
263,1139,51
252,1416,51
287,1499,-116
306,1863,-87
318,2145,8
313,2121,-99
342,2157,-85
328,2334,-119
315,2349,-83
337,2206,-63
303,2190,-128
284,2232,-70
276,2232,-11
251,2156,-103
284,2138,-41
259,2191,-28
235,2188,-47


















-,-,-
119,2087,144
120,2048,113
146,1861,152
128,1716,197
99,1686,257
88,1371,286
32,790,209
-73,583,355
-200,761,290
-491,917,222
-863,1215,250
-1191,1946,175
-1403,2493,-263
-1516,4150,-507
-1319,5098,-433
-926,4352,130
-769,3785,265
-710,3530,309
-787,3461,104
-885,3248,-3
-969,3449,-188
-925,3096,-251
-761,2393,12
-522,1484,-73
-307,820,318
-255,1027,98
5,320,161
66,88,39
99,-10,-76
68,110,4
-92,473,37
-222,845,329
-493,1466,125
-590,1678,93
-772,1885,141
-1027,2954,-310
-960,3150,-483
-907,3349,-149
-912,3757,-215
-770,3669,-253
-703,3660,-174
-717,3620,-20
-769,3408,-57
-813,3334,-255
-742,3075,-132
-656,2619,-407
-435,2094,-171
-406,1709,-352
-212,1105,-301
-107,959,-73
-91,1040,125
-83,1266,-14
56,1315,97
103,1445,61
188,1607,-77
278,1750,-77
237,1939,61
167,2266,-31
187,2294,-54
230,2139,73
203,2363,145
160,2395,1
194,2242,-91
188,2088,-124
125,2218,-144
155,2180,14
138,2016,100
98,2087,123
70,2213,-18
71,2166,-48
116,2175,-6
113,2165,-52


















-,-,-
95,2151,149
103,2151,42
91,2151,111
79,2279,159
64,2180,161
99,2181,111
126,2059,165
98,2013,130
78,2139,76
91,2088,151
86,2037,276
71,2252,139
81,2222,-37
69,2058,78
65,1659,405
42,1245,499
-10,643,441
-111,402,127
-439,1077,187
-831,1686,-91
-918,2205,-153
-1075,2536,-99
-1205,2954,-436
-1100,3372,-115
-1110,3445,-170
-1192,4243,-169
-1127,4490,146
-1067,3677,-20
-1088,3659,-95
-976,3132,189
-835,2374,11
-525,2216,-91
-437,1907,-91
-355,1551,-217
-186,1023,-148
-72,513,265
26,2,233
218,-230,313
203,-282,389
74,11,363
-118,623,365
-599,1711,81
-725,2529,-223
-711,2523,144
-803,2242,-428
-759,2576,41
-1152,2792,215
-1180,2998,-148
-1182,4279,-440
-947,4078,-265
-940,3909,-6
-913,3450,139
-885,3270,111
-837,3008,48
-832,2524,-101
-802,2514,-226
-510,2010,-191
-239,1311,-197
-137,1273,-80
22,1283,2
217,976,244
264,1200,-12
375,1172,200
373,1175,112
363,1389,-135
371,1904,91
236,2599,-38
360,2195,16
387,2104,69
347,2326,82
358,2199,76
364,2163,136


















-,-,-
118,2098,82
162,2039,188
126,1921,181
158,1726,179
141,1492,323
39,1402,243
14,963,181
-108,715,100
-346,834,191
-678,1646,137
-706,1454,144
-1026,1655,122
-1278,3033,-23
-1247,3663,151
-1352,4736,-284
-985,4905,79
-896,4267,193
-853,3782,223
-971,3705,-26
-942,3432,161
-989,2750,-291
-735,2347,-261
-600,1466,-87
-288,370,184
-82,-194,437
-47,-312,240
19,-142,329
-107,143,232
-179,358,-31
-244,602,13
-520,1506,518
-858,1949,-105
-785,1948,22
-1189,2708,-523
-1102,3945,-401
-1051,3395,-52
-1147,3865,-194
-937,4092,-2
-918,3663,-150
-881,3738,63
-1009,3706,-70
-984,3038,-196
-847,2850,-73
-758,2593,-42
-451,1591,-336
-146,1061,-394
19,801,-70
29,748,-135
97,976,-130
98,1550,-142
119,1739,-28
220,1583,98
300,1638,125
309,1905,198
343,2004,15
378,2140,75
366,2197,201
325,2255,41
355,2134,60
286,2310,83
293,2112,114
305,2100,83
270,2194,52
280,2222,29
282,2137,116
232,2230,80
260,2163,-5
289,2172,34
265,2284,144
236,2185,40
262,2071,8
267,2126,133


















-,-,-
153,2194,83
160,2201,112
179,2092,90
177,2014,22
166,1867,179
126,1711,334
77,1520,252
31,1228,115
-18,719,65
-198,551,91
-450,782,-35
-718,1322,265
-989,1353,61
-1236,2590,-240
-1392,3764,-147
-1214,4461,-26
-1121,4854,-253
-829,4382,22
-771,3698,308
-918,3609,264
-1015,3515,122
-929,3049,-226
-776,2805,-84
-712,2395,35
-410,1423,36
-96,534,0
-51,458,55
-64,510,29
16,430,135
20,234,193
-40,355,189
-166,753,124
-214,949,-145
-270,1337,188
-576,2249,234
-643,2029,-101
-814,1884,-248
-1068,3464,-112
-1080,2983,-120
-1069,3134,-130
-1201,4328,-393
-971,3953,-59
-943,3517,-28
-952,3440,-320
-879,3086,-312
-900,2794,-130
-891,2718,-155
-728,2286,-178
-570,2067,-151
-272,1326,65
-72,963,183
-49,969,-115
99,1244,-85
211,1192,72
197,1311,219
239,1433,104
299,1621,249
297,1695,172
260,2021,82
231,2334,144
213,2360,102
204,2304,90
208,2353,158
181,2272,181
195,2132,105
191,2210,89
165,2199,97
112,2174,141
136,2196,39
145,2185,82
137,2223,119
111,2208,61


















-,-,-
98,2066,187
138,2031,141
160,1844,215
145,1790,149
141,1717,165
101,1495,401
53,1191,411
-65,1030,247
-165,1192,173
-333,1407,196
-595,1596,127
-830,2030,-105
-933,2387,191
-1174,3023,-46
-1096,3695,311
-1164,4048,-133
-905,3991,-6
-814,3772,37
-832,3532,-31
-932,3224,66
-929,2984,210
-855,2839,147
-778,2675,-14
-633,2134,-74
-294,1376,124
-91,590,-70
64,301,155
34,393,251
61,428,289
46,393,238
-69,534,-42
-136,697,-170
-273,923,203
-707,1136,-166
-897,1926,409
-1190,2784,400
-1260,2785,-405
-1024,3470,89
-1232,3987,-256
-1023,4057,-136
-939,3905,8
-854,3512,150
-880,3123,141
-861,2959,50
-761,2371,198
-737,2236,78
-671,2499,52
-491,2177,-34
-365,1830,-157
-229,1443,-266
-49,899,-133
24,1098,72
59,1545,233
37,1678,-9
143,1602,-74
169,1942,6
207,1795,15
242,1843,62
232,2132,235
182,2340,131
228,2242,122
230,2272,79
192,2304,56
206,2225,56
200,2129,131
119,2269,56
143,2190,49
143,2088,54
168,2149,118
152,2128,67
162,2131,88
177,2115,149


















-,-,-
60,2201,110
62,2151,102
95,2149,36
85,2109,90
89,2064,139
110,1900,119
100,1712,108
32,1514,281
39,1460,381
7,931,286
-190,688,-84
-335,1295,-48
-505,1473,222
-790,1292,186
-1106,2246,23
-1279,3112,-270
-1222,3822,-63
-1243,4513,-311
-949,4362,-179
-862,3942,35
-924,3602,54
-1002,3350,19
-1116,3150,-233
-899,2675,-225
-778,2234,-17
-471,1433,141
-256,920,185
-72,585,335
58,311,279
97,293,218
117,385,181
56,435,63
-147,599,147
-277,1135,-113
-385,1551,45
-529,1792,145
-762,1928,-157
-925,2560,-20
-870,2792,-209
-955,2842,-440
-936,3795,-165
-927,3956,-374
-835,3943,-59
-777,3611,79
-817,3301,135
-899,3267,27
-748,2774,-102
-684,2604,-202
-608,2407,-306
-400,1784,-140
-275,1215,12
-311,1684,-95
-242,1729,-201
-119,1168,-176
52,1234,-124
103,1259,-70
226,1102,191
112,1546,56
127,2011,22
167,2000,-84
136,2233,29
121,2252,-35
196,2221,14
195,2144,-28
175,2259,-76
159,2222,37
141,2200,19
137,2242,1
151,2193,-71
141,2206,-67
119,2257,-80
120,2251,-51


















-,-,-
174,1988,136
169,2036,176
130,1964,143
132,1770,175
90,1728,224
111,1560,203
56,1434,146
4,1426,113
-43,1281,179
-215,1432,156
-307,1442,155
-636,1824,-68
-762,2489,-10
-863,3199,116
-873,3279,155
-759,3358,80
-702,3549,109
-685,3556,209
-698,3483,269
-702,3379,289
-728,3085,198
-613,2809,-46
-581,2767,166
-476,2179,13
-269,1562,79
-112,1111,136
74,596,16
206,373,-22
211,517,167
127,451,128
127,545,200
-75,799,71
-230,1574,126
-287,1561,13
-409,2181,173
-592,2579,49
-661,2472,-109
-673,2287,-59
-917,3340,-92
-884,3193,-187
-839,3315,125
-908,3539,-54
-780,3379,33
-759,3357,36
-737,3216,86
-714,2842,59
-694,2762,56
-610,2570,17
-535,2290,-43
-347,2012,-13
-190,1589,-24
-84,1351,-122
38,1167,-358
79,1310,-86
57,1509,-147
173,1400,-20
212,1492,102
208,1896,-34
263,1993,61
277,1956,190
321,2056,90
293,2228,-18
307,2283,62
311,2228,125
298,2157,69
278,2193,30
272,2246,87
242,2246,55
268,2079,33
241,2174,26
239,2234,68
252,2084,30


















-,-,-
328,2143,-54
340,2168,-35
296,2094,42
299,2013,94
306,1807,256
240,1614,257
206,1354,156
143,1198,-33
64,1109,-195
-82,1466,-6
-260,1567,-30
-277,1471,43
-425,1564,104
-588,2085,354
-703,2094,38
-945,3613,-667
-854,4688,-873
-676,4598,-418
-513,4013,-99
-500,3916,-201
-504,3427,-277
-553,3103,-262
-642,2970,-228
-535,2519,-48
-377,1647,-93
-228,1314,202
-119,886,88
58,525,150
186,287,298
185,463,184
224,367,369
126,305,86
5,687,351
-166,1770,189
-228,1637,-253
-270,2266,275
-611,3028,-246
-386,2400,-235
-488,2967,37
-573,2995,-216
-531,2639,-65
-657,3244,-177
-679,3546,-508
-635,3737,-413
-667,3711,-408
-544,3150,-193
-582,3082,-198
-567,2873,-76
-462,2312,-101
-286,1816,-19
-250,1690,30
-159,1530,-176
-79,1512,-221
30,1542,-91
75,1419,16
141,1382,46
252,1470,43
269,1700,-5
351,1665,-36
353,1811,-28
369,1839,111
313,2114,-122
329,2136,-110
342,2184,18
300,2313,-19
328,2198,-88
350,2168,-26
318,2104,-62
359,2050,-70
378,1921,93
259,2173,-42
270,2423,-200


















-,-,-
206,2144,74
225,2141,22
238,2141,107
264,2062,126
292,1914,198
224,1750,220
171,1581,172
175,1275,238
-2,1026,88
-44,1069,259
-204,1041,475
-396,809,-51
-564,1334,411
-976,1826,172
-1251,2435,-242
-1447,3949,-424
-1454,4690,-712
-1076,4729,-225
-825,4038,108
-673,3547,222
-829,3624,97
-869,3119,149
-911,2978,-10
-912,2828,80
-852,2396,65
-506,1563,-83
-333,1276,15
-131,919,-154
-31,576,-34
36,447,-60
140,528,76
174,308,308
120,230,173
10,575,35
-176,1276,-106
-253,1757,35
-439,1727,-98
-541,2291,-31
-762,2423,-145
-828,2850,-146
-988,3073,-215
-1016,3652,-276
-1021,4270,-459
-789,3855,-184
-652,3393,48
-698,3303,134
-721,3098,-40
-672,2876,-191
-658,2859,-290
-498,2446,-92
-347,1712,-242
-246,1627,-337
-97,1456,-191
54,899,-69
141,914,29
130,1529,-8
193,1460,120
307,1374,26
299,1619,114
272,1939,29
336,2026,-17
347,2178,53
291,2344,-87
324,2203,15
332,2092,77
333,2163,84
305,2248,47
304,2228,-24
307,2107,-22
316,2140,96
255,2246,-22
291,2090,22


















-,-,-
192,2048,100
214,2015,247
193,1868,278
208,1668,233
179,1662,283
116,1475,215
80,1185,158
-23,818,289
-252,912,-33
-463,1160,-197
-603,1411,-87
-876,2175,78
-1066,2588,-256
-1087,3384,-219
-1194,4113,-163
-951,4281,-219
-739,3896,-228
-664,3640,-38
-716,3513,26
-862,3616,-32
-852,3143,-109
-868,3064,-187
-835,2543,-314
-471,1527,194
-274,899,329
-202,741,89
18,378,102
103,235,191
92,441,-19
151,388,114
47,636,328
-178,1005,-187
-193,1453,60
-412,1740,-334
-401,1789,-248
-581,2781,-19
-711,2624,-208
-751,3201,5
-856,3667,-279
-680,3575,-347
-588,3808,-196
-561,3558,-142
-462,3309,63
-543,3254,-40
-542,2998,-75
-573,2871,-72
-578,2683,-249
-432,2226,-173
-302,1793,47
-208,1491,36
-89,1452,-57
78,1340,-134
248,956,-279
329,1325,12
280,1598,-97
405,1443,83
364,1670,-94
408,1804,16
363,1917,-83
367,2084,-115
395,2185,-87
369,2301,-28
374,2246,-5
422,2129,-70
426,2067,-59
387,2215,-8
350,2201,-6
367,2203,29
355,2167,-73
365,2107,-114
355,2114,-31
365,2066,-30


















-,-,-
171,2126,-28
165,2123,4
189,2060,30
228,1993,-53
197,2073,16
192,2043,93
196,1826,219
193,1672,350
110,1479,422
18,1182,343
-2,961,-2
-121,1069,-142
-328,1417,29
-522,1561,-230
-629,1747,55
-932,2090,-62
-1089,2886,-131
-1094,3264,-144
-1148,3825,-523
-1056,4257,-364
-894,3988,-17
-810,3714,102
-800,3389,-9
-883,3360,-124
-872,3043,-209
-793,2694,-216
-682,2344,-180
-500,1642,-117
-352,1069,-71
-205,676,214
-89,428,223
68,231,125
158,302,266
173,418,460
96,497,296
-78,645,108
-297,1513,413
-620,1985,116
-658,1868,-34
-702,2729,137
-845,2980,-181
-881,2652,287
-1118,3328,-238
-1116,4061,-675
-932,4274,-276
-809,3717,52
-755,3335,-10
-748,3169,54
-770,2834,15
-731,2572,-163
-617,2320,-291
-462,1901,-109
-302,1338,187
-322,1564,282
-133,1230,-49
46,901,116
-19,1554,129
105,1492,-95
206,1480,-90
238,1790,16
235,2047,103
274,2055,66
302,2097,37
296,2180,164
269,2176,158
276,2070,23
267,2114,40
234,2206,98
241,2209,146
229,1990,149
210,2181,116
207,2223,65


















-,-,-
143,2148,-91
148,2105,18
154,2121,12
131,2141,-46
142,2177,-73
161,2138,-46
171,2126,2
109,2195,-22
151,2162,-64
192,2194,-39
150,2188,23
139,2195,-36
154,2059,-1
139,1925,92
89,1799,229
23,1539,240
108,896,391
19,376,322
-277,1083,206
-398,1554,87
-747,1689,-259
-843,1987,-219
-999,2791,35
-986,2714,15
-1156,3062,50
-1170,3934,-302
-1054,4428,-284
-870,4044,-145
-840,3767,-117
-945,3658,-148
-918,2957,-112
-787,2208,147
-820,2249,-10
-638,2091,-31
-451,1350,-28
-270,1128,147
-78,788,197
21,716,150
181,601,193
230,268,183
209,412,336
-10,636,157
-172,739,415
-497,1876,195
-645,2535,33
-581,2371,-260
-654,2759,-238
-890,2902,-241
-806,3281,-107
-790,3326,50
-832,3546,-99
-825,3474,-156
-708,3423,-154
-726,3090,-67
-734,2935,-75
-656,2552,-330
-496,2293,-275
-384,2162,-156
-308,2078,-171
-152,1578,-114
-27,1523,182
-47,1613,125
75,1467,-85
213,1479,100
175,1570,162
200,1689,94
253,1750,71
227,1936,12
224,2015,41
253,2154,9
282,2071,19
243,2222,43


















-,-,-
-110,2188,-245
-112,2171,-266
-86,2164,-255
-103,2158,-211
-77,2148,-221
-44,2236,-206
-65,2383,-264
-37,2253,-162
-71,2214,-90
-79,2227,-256
-71,2213,-187
-75,2156,-125
-72,1919,6
-100,1477,90
-85,973,130
-125,527,153
-169,146,164
-445,357,-35
-680,1692,108
-928,2607,-105
-1112,3450,-98
-1185,4424,-508
-831,4423,-203
-889,4132,-119
-794,3788,-24
-790,3778,4
-793,3357,122
-715,2966,147
-619,2509,-58
-532,2108,-22
-449,1459,-108
-253,1027,-96
-151,1021,-24
-79,904,-110
9,564,-67
52,513,-199
78,470,-219
-23,497,-65
-165,906,100
-333,1368,194
-352,1585,142
-523,2512,260
-738,3202,99
-476,2391,116
-795,3039,-312
-816,4137,-52
-748,3435,-199
-773,3870,-202
-655,3771,-150
-560,3000,-182
-640,3074,-336
-581,2949,-118
-465,2195,-122
-355,1830,-106
-273,1717,26
-238,1483,204
-196,1662,-139
-19,1433,-123
51,1062,177
-5,987,-126
-13,1447,-217
-110,1608,-22
-127,1831,4
-146,1997,-41
-148,2363,167
-144,2455,-41
-106,2350,-259
-49,2428,411
-134,2139,192
-91,2191,-153
-94,2549,148
-116,2320,-91


















-,-,-
-51,2171,30
-63,2274,-8
-83,2269,-6
-19,2147,1
-26,2047,23
-37,1915,102
-52,1780,15
-73,1568,-52
-116,1341,69
-209,1197,83
-326,1279,77
-438,1192,249
-636,1314,382
-1058,1699,-220
-1138,2646,-193
-1217,2959,-259
-1304,3767,-478
-1122,4157,-406
-912,3304,-38
-869,3154,198
-915,3171,193
-1040,3076,61
-1015,3043,219
-1030,2979,78
-929,2847,-173
-714,2290,-186
-425,1652,168
-266,946,422
-197,746,365
-104,807,39
-30,897,33
19,695,188
-1,488,94
-53,613,105
-182,953,162
-347,1453,243
-429,1661,32
-589,1796,137
-762,2377,69
-915,2629,-83
-970,2831,105
-1094,3966,-166
-874,3659,-226
-795,3752,-23
-753,3477,297
-781,3210,278
-807,3136,108
-920,3286,9
-805,2660,43
-678,2289,8
-505,1976,-83
-253,1536,-18
-82,1127,91
-15,1178,48
11,1589,-88
173,1466,-46
281,1300,9
326,1700,232
315,1638,329
329,1578,291
271,1927,227
244,2166,136
248,2169,40
245,2101,83
218,2277,60
217,2306,44
227,2203,94
241,2135,185
174,2388,123
184,2356,98
196,2263,8
220,2191,122


















-,-,-
142,2172,25
121,2190,54
154,2128,35
135,1973,83
120,1915,125
91,1816,115
108,1573,104
19,1437,102
-68,1210,-15
-135,1237,133
-282,1249,1
-351,1788,215
-529,1974,23
-606,2070,59
-765,2597,127
-879,3154,-201
-807,3774,-354
-675,4360,-250
-594,4179,208
-524,3623,201
-573,3483,190
-648,3203,56
-634,2785,-60
-583,2654,93
-548,2369,-15
-339,1850,240
-99,575,398
145,375,189
83,622,66
79,512,118
124,145,-85
83,495,-102
5,891,196
-156,1219,267
-112,1494,269
-434,2333,405
-400,2390,403
-528,2660,6
-514,3498,409
-528,3234,55
-480,3848,31
-344,3652,224
-322,3404,179
-340,3465,216
-421,3364,232
-456,2938,52
-424,2606,-12
-415,2438,-17
-289,1990,59
-133,1460,-71
-74,1445,-109
49,1305,44
145,1151,-229
207,1241,-90
208,1552,-32
261,1356,-92
366,1375,62
243,2075,34
249,2297,-127
338,2266,20
312,2210,35
319,2218,5
299,2260,48
302,2263,90
297,2253,55
283,2160,-119
291,2198,72
238,2175,41
252,2049,-48
260,2073,4
226,2107,125
241,2133,-33


















-,-,-
174,2261,-38
298,2299,0
300,2097,-28
336,2011,51
336,1905,33
357,1833,0
373,1860,-148
478,1851,211
313,1570,166
358,1379,226
301,1230,60
224,1194,155
154,979,361
-96,1319,152
-279,1431,-27
-455,1807,240
-703,2286,206
-804,1766,-383
-1025,2981,-45
-1280,4058,-680
-939,4190,-335
-782,3894,-95
-692,3731,-24
-725,3778,-245
-754,3646,-220
-935,3946,-143
-934,2941,-124
-780,2406,117
-557,1612,190
-407,1419,2
-8,783,69
137,57,222
260,-191,83
393,-217,149
263,8,71
159,58,-145
18,842,319
-287,1454,-112
-243,1518,-288
-351,2538,513
-623,2570,-390
-511,2927,-453
-675,3617,-358
-562,3379,-337
-497,3221,-87
-696,3640,-226
-691,3717,-101
-691,3714,22
-670,3481,-69
-650,3187,-101
-567,2876,-93
-443,2569,-237
-370,2249,-207
-259,1779,106
-22,1243,8
207,840,145
231,1217,-306
390,1251,-261
487,1235,-133
509,1489,-279
673,1590,122
660,1494,135
641,1753,-113
656,2144,-134
708,2162,34
669,2212,123
643,2204,-18
711,2135,50
679,2100,209
650,1994,150
663,2021,66
661,2067,37


















-,-,-
331,2099,85
330,2131,122
329,2125,98
330,2226,19
365,2298,55
404,2165,79
447,2009,142
414,1842,202
393,1572,291
335,1193,290
220,876,264
45,617,214
-87,381,-39
-324,276,306
-845,1114,104
-1175,1781,83
-1366,2374,-67
-1717,3575,-417
-1779,5394,-331
-1399,5089,-346
-946,4407,48
-925,4074,162
-1080,4243,45
-1251,3897,24
-1416,3866,-159
-1176,2084,0
-735,1304,133
-442,964,186
-145,287,147
14,-39,-116
226,-180,-126
307,-178,265
247,-393,185
136,19,55
-5,262,293
-346,1180,884
-801,1622,-639
-649,2112,274
-1414,3750,-273
-1187,3770,-747
-992,3374,98
-1256,4280,-191
-989,4012,70
-931,3386,217
-960,3874,110
-994,3571,-64
-1052,3305,-224
-1025,3123,107
-989,2524,-158
-777,2470,8
-536,1746,-259
-68,612,-109
-19,1128,-5
169,1005,-186
337,943,-156
308,1553,-84
453,1437,-130
547,1380,156
494,1622,73
562,1715,52
628,1701,124
601,2035,-17
581,2204,116
551,2357,72
561,2149,-11
605,2047,95
511,2090,0
450,2281,-43
509,2150,46
532,2074,112
489,2141,52
500,2150,22


















-,-,-
359,2266,26
396,2183,143
307,1781,198
361,1527,297
302,1149,267
188,797,190
182,300,100
-54,110,304
-458,482,334
-822,1079,224
-1428,1973,-335
-1486,2367,-445
-1710,3316,-42
-1853,4158,-427
-1710,5128,-548
-1320,4568,-181
-1174,4017,90
-1221,4019,-126
-1381,3819,-223
-1464,3377,-394
-1284,3150,-216
-1171,1897,-181
-768,1366,22
-559,821,198
-231,378,-123
76,46,413
191,-241,181
353,-140,131
356,-460,333
201,33,181
-83,588,146
-346,865,-14
-731,2159,396
-1008,2407,-522
-921,2594,5
-1289,3403,-383
-1199,3976,-598
-972,3792,-426
-957,3875,-131
-912,3908,-164
-907,3536,-59
-916,3275,-138
-970,3424,-338
-935,3265,-568
-869,2823,-227
-775,2188,121
-535,1679,-10
-263,1302,30
-82,1213,133
278,384,-137
450,773,-178
520,1073,-90
546,1142,-109
590,1480,-71
689,1721,-56
702,1750,44
695,2101,70
733,1908,165
668,1711,-31
651,2343,19
635,2075,-21
637,2048,66
600,2254,106
607,2141,-81
606,2000,32
509,2151,37
497,2144,26
512,2183,-47
558,2137,-62
534,2051,51
525,2076,90
524,2101,31


















-,-,-
252,2178,0
256,2123,4
269,2091,133
242,2205,48
249,2155,-43
279,2116,72
227,2198,20
304,2133,63
252,-30583,40
297,2205,0
272,2239,24
286,2126,-14
279,2155,61
279,2176,16
291,2211,27
306,2100,23
289,2108,16
270,2167,27
286,2160,222
273,1993,155
234,1499,395
296,1082,768
88,631,609
-79,80,103
-488,543,-231
-828,1871,-384
-1062,2293,-547
-1040,2598,-383
-1056,2880,-110
-1104,2913,-168
-1092,3522,147
-1229,4428,-115
-1047,4180,-18
-981,3894,194
-1091,3938,-9
-1169,3773,-226
-1107,3409,29
-1082,2777,-328
-832,2394,-297
-710,1647,224
-404,22,114
-52,56,152
157,-548,296
108,-143,-128
291,-369,49
262,-419,357
-25,218,124
-210,899,-4
-532,2212,39
-648,2668,-1
-716,1581,-1164
-1164,2356,810
-1960,4578,-574
-1207,3888,-462
-1247,4269,-609
-1086,4147,-261
-1012,3668,-340
-997,3375,-390
-1035,3659,-539
-953,2712,-440
-849,2204,-330
-632,2181,-91
-510,1607,-152
-165,1053,-16
99,872,-10
305,591,-105
404,891,13
472,1195,133
464,1269,164
517,1402,55
536,1828,58
551,1749,139


















-,-,-
196,2290,-6
242,2275,11
234,2179,116
246,2031,57
309,1998,157
321,1941,-32605
304,1692,40
255,1589,38
208,1655,83
119,1425,57
119,1010,240
-118,686,212
-327,1148,479
-605,1190,291
-846,1096,-134
-1155,1976,37
-1615,3782,-1241
-1306,4224,-448
-1505,4652,-350
-1151,4348,-362
-991,3894,-396
-1053,3498,-151
-1225,3486,-272
-1231,3035,-413
-1111,2675,-419
-895,1913,-273
-525,1170,102
-232,110,94
35,89,190
159,69,263
279,31,545
281,-391,348
119,24,177
-68,902,462
-273,852,-501
-584,1751,-27
-929,3353,-169
-1033,3194,-708
-945,3305,-174
-1285,4382,-265
-964,3595,-224
-939,3608,-540
-908,3801,-183
-989,3551,-279
-953,3365,-576
-911,3089,-285
-810,2400,-180
-439,1622,-559
-130,1382,-366
-79,1216,117
60,1098,79
297,1080,133
368,1200,98
342,1566,-14
469,1714,-151
521,1542,150
464,1767,136
517,2077,-58
542,2062,-31
566,2066,197
468,2192,-17
527,1976,13
449,2077,129
439,2191,94
463,2249,73
429,2198,-69
470,2110,130
398,2272,26
447,2170,76
465,2012,94
406,2180,57
423,2166,-1


















-,-,-
345,2198,-20
379,2167,41
366,2015,44
357,1918,65
323,1708,290
287,1398,328
290,1003,319
200,781,207
93,399,126
-271,683,-219
-570,417,-157
-1282,1720,372
-1669,2947,0
-1630,3039,-345
-1801,3621,-781
-1641,4314,-388
-1559,3976,-348
-1327,3559,-162
-1279,3431,-13
-1374,3400,-85
-1367,3157,-598
-1213,3369,-476
-1155,2699,-274
-949,2006,-464
-419,1141,-339
-30,647,251
-2,598,352
158,184,121
325,333,76
336,50,283
182,263,360
37,639,218
-123,1035,340
-406,1516,-319
-545,2262,130
-832,2375,-267
-826,2626,-134
-909,3495,-97
-931,3222,-209
-866,3582,-12
-783,3554,-267
-687,3234,-105
-809,3383,29
-877,3381,-380
-824,3218,-564
-831,3368,18
-842,2581,-209
-648,2283,-117
-287,1529,106
-121,1008,23
123,828,40
269,1132,58
304,1353,-109
347,1530,-246
438,1611,94
420,1672,35
513,1573,20
554,1831,107
593,2091,82
576,1908,-82
586,2124,80
500,2402,129
524,2192,80
553,2060,208
489,2209,32
525,2187,-52
536,2011,-30
525,2096,88
468,2112,36
471,2136,99
485,2010,98
482,2024,98
