-,-,-
75,-529,-207
-339,319,2043
-313,350,2055
-277,336,2070
-296,347,2070
-357,186,2153
-298,328,2119
-405,298,2086
-409,274,2076
-361,258,2105
-134,323,2048
60,500,1963
-198,363,1965
-111,290,1883
222,88,1723
571,-161,1352
173,-40,1105
319,-29,1039
447,0,1206
439,854,1121
-574,-97,1248
-416,28,1765
-393,-41,2236
-697,-470,2802
-921,-446,2973
-1145,-728,3210
-1647,-880,2930
-198,-781,3223
-262,-717,2998
-243,-671,2804
-365,-488,2575
-91,-240,2807
-214,-587,3277
-121,-657,3783
561,-468,4058
281,-405,3767
14,-447,3391
124,-643,2846
88,-131,2132
-504,394,1257
-198,688,807
-390,419,640
-1308,-441,1020
-513,-371,1077
-638,-64,1154
-554,484,995
-388,472,1191
-88,562,1321
-92,421,1416
592,697,1498
490,488,1415
587,-54,1236
583,-83,1136
508,-66,860
-344,-92,511
-220,131,1056
-698,873,868
-22,1691,1921
-97,-34,2521
-275,-30,3201
-1701,-636,3735
-1660,-747,3803
-1470,-814,3490
-1542,-1388,3337
-925,-1020,3204
-476,-720,3137
-319,-324,2837
-377,-390,3004
-479,-371,3562
215,-268,3988
885,-329,3777
334,-444,2878
-841,-318,1651
-1278,-215,917
-2501,-1009,299


















-,-,-
-295,57,2121
-312,102,2069
-255,81,2107
-266,33,2176
-167,257,2125
-379,87,2116
-317,92,2116
-257,145,2110
-215,-2,2171
-280,125,2141
-341,6,2184
-195,158,2120
-221,91,2082
-301,-5,2205
-202,176,2161
-185,195,2167
-219,141,2164
-176,110,2102
-108,206,2067
132,168,1926
318,113,1830
-50,172,1789
-61,49,1831
572,-47,1805
639,-424,1210
434,-657,798
647,59,606
431,1000,939
-643,-201,1838
-688,-256,2362
-1342,-910,3235
-1779,-2540,4205
-792,-958,3897
-334,-311,3031
7,-781,2915
-89,-581,2600
-445,-828,2611
-98,-608,2899
17,-460,3336
-367,-762,3474
287,-599,3236
-90,-525,2850
-908,-803,1924
-572,-789,1521
-680,-46,743
-640,329,556
-529,273,906
-280,-1,1129
-305,-37,1350
-44,171,1395
-213,150,1301
347,79,1544
540,176,1352
522,-135,1159
450,-93,1187
311,383,1186
-800,-260,1401
-1028,-371,2192
169,-53,2511
-73,-341,2612
-770,-1278,3411
-710,-534,3117
-1036,-671,3045
-1013,-870,2964
-391,-794,2897
-423,-868,2758
-367,-751,2774
-170,-468,2941
-70,-650,3450
-185,-795,3460
666,-372,3381
508,-414,2248
-319,-631,1790
-226,-299,997
-291,477,189


















-,-,-
-260,264,2090
-205,257,2059
-230,273,2108
-324,233,2090
-275,227,2062
-218,294,2115
-244,263,2097
-243,284,2117
-318,243,2107
-301,328,2086
-276,221,2131
-315,147,2147
-255,349,2109
-247,239,2148
-256,241,2133
-39,289,2027
471,235,1974
427,203,1538
136,-339,783
300,-229,48
910,893,451
823,960,1000
-11,-751,2039
-884,-853,3208
-909,-756,3225
-1294,-817,3208
-1245,-552,3146
-1407,-1004,3074
-789,-611,2816
-596,-782,2626
-231,-576,2658
-204,-354,2764
42,-275,3184
236,-348,3610
-255,-266,3440
23,-513,3517
-180,-682,2666
-391,-361,1691
-427,-179,1125
-839,-258,626
-783,-199,791
-499,79,885
-286,386,1032
4,357,1379
171,466,1422
536,533,1530
367,305,1461
340,-260,1406
502,214,1182
128,364,1173
-346,75,1183
-717,-45,1483
-187,58,1767
286,-300,1928
-556,-256,2604
-1143,-714,3073
-1630,-1421,3478
-995,-1102,3384
-543,-776,3278
-38,-671,3122
65,-687,3017
-108,-633,3021
215,-551,3142
607,-436,3314
868,230,3518
365,-447,2841
-431,-494,2086
-1234,-520,1379
-691,8,1095
-854,429,932
-511,119,1387
-404,270,1313
-1373,-148,1197
-1559,-148,1192


















-,-,-
-252,207,2111
-255,134,2022
-170,217,2085
-257,125,2137
-284,137,2093
-288,151,2111
-247,131,2139
-304,144,2129
-213,113,2159
-248,127,2111
-167,137,2091
15,158,2072
556,203,2009
518,-38,1648
173,-332,495
565,120,2
839,552,531
515,-29,1302
349,-671,2366
-1283,-1217,2959
-1789,-1290,3408
-1479,-1414,3531
-962,-1172,3355
-1364,-1003,2895
-1002,-814,2313
-305,-444,2375
62,-434,2853
-231,-668,3325
-77,-667,3546
114,-915,3514
-243,-942,3113
-751,-922,2298
-739,-673,1882
-551,-4,1365
-233,-165,1131
-822,-45,943
-544,200,966
-498,91,1114
-424,172,1213
-242,327,1315
-156,168,1515
79,60,1479
-138,-62,1158
178,2,1109
148,180,1092
3,458,1065
-709,316,1180
-273,-148,1992
-298,-198,2468
-443,-649,2708
-472,-883,2879
-439,-704,3054
-867,-805,2782
-731,-547,2613
-1047,-573,2433
-746,-834,2681
-543,-1034,2809
-122,-763,2864
95,-535,3251
286,-809,3684
341,-523,3440
699,-650,2850
247,-965,2669
-419,-836,1908
-1146,-283,842
-969,-132,942
-1192,88,706
-952,4,979
-989,94,1078
-821,2,1272
-936,99,1325
-1107,11,1446
-776,141,1581
-735,219,1695
-1121,138,1586


















-,-,-
-126,-27,2186
-185,-18,2133
-234,2,2121
-159,-3,2126
-110,67,2145
-33,59,2131
-169,84,2141
-237,50,2091
-183,15,2122
-95,-35,2188
61,-16,2139
296,-37,2020
603,-299,1532
592,-259,760
706,-196,527
957,44,663
149,548,667
-643,329,1243
-412,-779,2688
-970,-1413,3421
-1881,-1961,3669
-1386,-1677,3515
-355,-752,3111
-77,-364,3052
-273,-850,3190
-3,-940,3160
-261,-1064,3179
-323,-992,3136
179,-697,2964
200,-668,2779
-139,-494,2325
-134,-681,1909
-241,-414,1625
-501,-400,1216
-1003,-137,689
-386,-57,834
-234,327,705
-234,298,724
177,282,937
315,250,1166
36,110,1084
-195,-59,964
-94,90,1210
-393,-214,1623
-101,-407,2248
-344,-548,2298
-410,-1164,3771
-315,-987,3126
-366,-1040,2879
-1051,-1291,2672
-915,-1291,2677
-678,-1343,2586
-561,-1086,2562
-293,-1170,2867
273,-1285,3392
496,-1093,3451
140,-1044,2994
-102,-1589,3305
-122,-1071,2186
-569,-635,1572
-802,-358,1290
-874,-116,1038
-373,263,1115
-312,239,1307
-688,26,1373
-1000,102,1114
-1070,-162,1330
-1318,-83,1314
-1569,33,1128
-1018,-93,1575
-1106,234,1510
-962,210,1602
-586,267,1921
-818,179,1896
-960,78,1999


















-,-,-
-183,21,2191
-165,-72,2175
-173,-32,2160
-228,-95,2182
-164,21,2116
-201,17,2111
-249,-100,2158
-234,64,2134
-325,99,3293
-345,-169,2428
-68,-82,2269
-20,66,2025
138,111,1694
467,199,1311
437,296,1022
603,102,646
315,-324,511
-4,-494,650
-670,-89,974
-295,-201,2067
-189,-1193,3362
-1341,-2282,2475
-1254,-1313,3204
-497,-908,3107
-437,-1132,3026
-98,-476,2538
-205,-651,2647
-419,-1250,2879
-4,-814,2978
85,-775,3373
-163,-1499,3615
13,-1162,2987
-193,-845,2394
-187,-639,1861
-343,-331,1377
-590,-188,1028
-228,38,1021
-226,406,726
-238,29,903
-212,-141,1141
1,-165,1452
22,-35,1357
-299,-257,1359
226,-273,1355
214,-2,1281
-448,-96,1078
-875,-508,1128
193,-647,2202
-91,-799,2344
-665,-1494,2895
-702,-1677,3094
-706,-1946,3202
-143,-1439,3082
-406,-1498,2827
-553,-1573,2586
-289,-1343,2597
-138,-1405,2852
206,-1453,3177
164,-1340,2951
-39,-1076,2417
-75,-907,2191
-574,-710,1564
-416,-240,1331
-348,148,1219
-965,-286,1176
-615,-111,1392
-522,365,1107
-690,220,1153
-881,-232,1511
-971,-135,1503
-1133,-228,1565
-886,-137,1776
-635,-45,1843
-837,3,1776
-732,-47,2004


















-,-,-
-279,-128,2206
-254,-113,2205
-181,71,2140
-229,-69,2204
-263,19,2163
-229,24,2077
-181,-55,2203
-248,44,2110
-309,-50,2092
-343,54,2068
-362,38,2094
-98,-33,2155
148,32,2105
356,8,1912
599,-155,1210
596,113,597
914,448,545
265,-32,691
-202,-176,1238
-888,-535,1719
-857,-1429,2677
-1302,-1959,3259
-1418,-2019,3338
-1058,-1369,2781
-694,-1131,2587
-793,-1098,2275
-516,-1231,2383
-187,-1055,2384
-522,-1180,2449
-284,-1353,2964
-243,-1365,3375
-682,-1912,3371
-483,-1504,2613
-283,-1138,2096
-689,-703,1461
-745,-751,1111
-346,-258,844
-177,394,638
-230,316,719
-418,89,1137
-32,283,1271
16,14,1518
202,-110,1647
29,-75,1296
-73,-330,829
-40,-90,733
-305,97,689
-452,-69,1020
64,-236,1817
-344,-1560,2732
-565,-2616,3292
-1612,-2953,3167
-840,-2446,2943
-622,-1515,2418
-730,-1361,2160
-556,-1362,2163
-137,-1607,2535
699,-1908,3470
88,-1675,2777
260,-1664,2615
218,-1167,1950
-701,-562,1100
-935,-253,865
-1107,211,594
-464,259,1092
-680,-86,1364
-1284,-85,909
-1875,238,511
-2564,-44,499
-1648,-47,1021
-925,148,1375
-885,186,1557
-805,207,1779
-1049,227,1779


















-,-,-
-148,-26,2042
-194,-90,2089
-115,35,2137
-122,10,2158
-227,65,2193
-367,-43,2225
-216,-50,2263
59,-102,2278
224,-105,2144
361,-240,1600
617,10,444
1287,462,168
767,400,299
-252,67,949
-425,-291,1287
-1103,-1506,2666
-1516,-2323,3427
-1327,-2288,3686
-904,-1550,3591
-863,-1277,3003
-476,-759,2530
-278,-538,2617
-550,-1037,3059
-123,-1337,3634
106,-1504,3853
-145,-1481,3196
-429,-1292,2148
-429,-992,1153
-132,-296,105
185,363,-302
156,818,-435
62,450,-98
-251,-92,451
-174,-80,665
-278,-230,883
-1022,-778,980
-543,-1107,2228
-628,-1613,3039
50,-2696,4657
191,-1512,3749
-510,-1583,3459
-307,-1883,3558
220,-1399,3368
147,-1661,3264
204,-1430,2938
-89,-1210,2354
-413,-1156,2084
-529,-812,1531
-820,-293,944
-627,5,1016
-233,186,1314
-890,-170,1178
-1295,-116,897
-1314,151,833
-1701,125,705
-1440,134,1020
-506,419,1480
-822,179,1672
-688,233,1811
-806,224,1890
-839,350,1841
-849,188,1963
-926,148,2066
-785,248,1948
-885,35,2020
-779,143,2068
-681,228,1985
-767,141,2015
-745,208,2012
-703,221,1942
-769,180,1931
-823,134,1933
-850,198,1890
-821,238,1841
-781,158,1939


















-,-,-
-165,-26,2161
-192,22,2164
-135,-40,2186
-187,17,2160
-202,-72,2175
-130,4,2181
-171,4,2160
-150,-26,2141
-209,158,2152
-191,-26,2242
-226,72,2255
-221,54,2319
-219,-12,2322
-59,71,2047
23,-78,1875
192,53,1472
243,235,826
224,416,198
-431,224,175
-364,175,302
386,366,902
234,0,1591
-322,-242,2331
304,-1523,3524
163,-1364,4034
-241,-1502,4298
-165,-1811,4312
-299,-1593,3954
-181,-1405,3561
-198,-1252,3021
-141,-758,2395
146,-767,2138
68,-807,1729
-106,-521,1279
-257,-138,784
-159,165,462
301,291,497
-314,278,323
-277,289,399
273,615,386
-45,182,661
-452,-375,1135
-365,-526,1448
555,-1514,2994
474,-1568,3547
248,-2177,4278
-109,-2182,3990
-413,-2330,3909
-172,-1854,3513
-95,-1390,3037
237,-1153,2850
6,-1021,2413
51,-652,2037
-33,-297,1595
-272,-173,1271
94,288,1310
-227,49,1388
-1347,-361,1262
-1154,505,626
-1455,562,786
-1535,-345,1441
-1142,116,1389
-1003,-41,1621
-742,-130,1916
-349,392,1835
-815,346,1718
-829,461,1669
-625,515,1828
-852,369,1838
-724,302,1999
-631,393,2007
-706,280,2064
-823,258,1933
-829,249,1968
-583,290,2042


















-,-,-
-198,-76,2106
-180,-42,2137
-55,172,2103
-113,-33,2209
-131,-65,2219
-88,71,2140
-80,-51,2194
-44,-43,2097
19,57,1905
561,-41,1904
458,-100,1495
595,33,959
770,352,539
393,651,345
89,78,935
-45,-201,1409
-1377,-1878,2511
-905,-2323,3483
-817,-2106,3916
-1132,-2195,4372
-942,-2028,4152
-985,-1848,3678
-505,-1462,3056
-319,-995,2449
14,-1009,2223
25,-598,1668
20,-378,1372
-20,-221,1077
-29,-99,808
-65,200,478
41,333,430
144,461,445
135,750,326
-79,471,575
133,247,838
190,44,1095
-991,-707,1360
-273,-1318,2434
-116,-1125,3184
-630,-1563,3213
873,-1864,4018
-235,-1609,3503
-545,-1322,3083
-107,-1089,3039
20,-1278,3220
93,-1279,3234
779,-1172,3343
761,-1165,3082
553,-1036,2564
219,-660,1914
45,-162,1418
168,-36,1334
-547,-26,1156
-442,88,1155
-1158,-144,1098
-1250,-410,1255
-1589,-22,842
-1665,-274,1040
-1163,-148,1394
-846,186,1490
-638,230,1722
-380,412,1766
-662,246,1920
-771,231,1990
-736,346,1952
-702,317,1984
-659,284,2062
-633,332,2033
-569,286,2082
-721,137,2129
-681,263,2047
-611,196,2043
-604,233,2078
-685,188,2026
-583,255,1955


















-,-,-
-302,-65,2219
-144,5,2213
-129,192,2343
-130,44,2428
-194,155,2262
-127,326,2393
-218,-30,2377
-93,-201,2048
126,-297,1693
205,-174,1159
625,41,561
485,710,-147
-142,222,-15
-312,214,156
838,488,1141
208,-205,3120
-409,-2235,3671
-815,-2377,3732
-656,-2046,3394
-323,-1327,2732
-392,-508,2239
-582,-536,1724
-390,-652,1914
-231,-1307,2578
-120,-1371,2946
-306,-1594,3271
-478,-1964,3760
-114,-1931,3867
-76,-1827,3248
-181,-1549,2419
-176,-1075,1631
-130,-527,979
-288,-84,789
-269,-47,768
-387,56,820
-91,237,968
-428,183,1061
-103,238,1310
43,301,1242
-256,248,1065
169,214,1117
275,193,994
167,158,781
-357,-89,660
-66,-135,1021
347,-589,1964
37,-909,2384
-98,-2131,3367
-198,-2167,3448
-633,-2204,3295
-1082,-1802,2553
-1202,-1587,2345
-847,-1236,2534
-675,-1466,3015
381,-1855,3690
229,-2033,3474
244,-1780,2968
425,-1185,2398
-743,-709,1236
-1087,-415,1002
-1406,-91,605
-1442,-206,631
-1314,-381,1157
-594,-291,1481
-1241,-224,1139
-1097,269,973
-778,415,1300
-1057,292,1345
-839,284,1527
-757,253,1746
-813,37,1889
-806,127,1950
-733,186,2080
-986,115,2048
-798,100,1947


















-,-,-
-219,27,2138
-213,-28,2131
-284,-38,2080
-188,-27,2094
-251,0,2155
-235,3,2110
-111,-37,2233
-183,-43,2242
-244,-44,2203
-78,25,2195
37,-16,2195
59,-50,2049
16,-17,1817
482,-58,1583
603,-54,1142
414,205,430
-192,468,111
-173,32,583
392,331,1049
-105,-734,1761
-1035,-2451,3330
-1072,-2352,3946
-813,-2477,4293
-237,-2148,4085
-345,-1266,3264
-692,-1229,3002
-17,-1180,2984
12,-1030,2916
-223,-1192,2684
-383,-1017,2010
40,-838,1469
97,-437,971
-80,-48,469
-285,432,40
-67,748,127
-206,441,347
-38,550,541
279,810,456
189,355,773
-115,-96,1011
-645,-498,1520
115,-1040,2415
-146,-1650,3100
-942,-2124,3009
-1045,-2012,3154
-1278,-1709,2856
-913,-1040,2535
-381,-1273,2813
-675,-1672,3134
-149,-1554,3315
439,-1397,3531
1233,-1501,3885
754,-1379,3005
310,-1281,2063
-355,-793,1156
-335,-378,729
-782,27,453
-1178,-286,629
-1224,-357,967
-1425,91,665
-1544,148,734
-1706,75,905
-1205,381,1054
-652,359,1601
-712,332,1849
-1177,322,1641
-982,399,1735
-914,345,1858
-1182,129,1857
-840,130,1949
-641,84,2146
-744,221,2016
-913,204,1931
-948,22,1928
-979,-117,1935


















-,-,-
-214,-236,2190
-109,-113,2112
-192,-169,2141
-141,-153,2130
-113,-179,2152
-141,-170,2122
-140,-150,-30663
-202,-173,2149
-202,-110,2185
274,-35,2301
438,-179,1996
168,139,1377
570,-86,1146
810,-276,698
572,183,193
-85,434,263
-583,-259,1127
-710,-1376,2192
-975,-2922,3231
-1175,-3745,4296
-377,-2000,3535
-505,-1079,2586
-297,-1143,2413
-512,-1229,2448
209,-1113,2688
-65,-1647,3248
-302,-1952,3608
234,-1875,3358
273,-1744,2702
-162,-1420,1618
-183,-591,736
106,47,390
-263,546,92
-309,708,24
351,522,545
299,527,622
-75,53,620
-344,-253,494
-308,-246,669
-609,-415,910
-758,-955,1642
-160,-1242,2399
-208,-1825,3326
642,-2135,4396
91,-1918,3470
-672,-1778,3092
-280,-1678,3294
-8,-1476,3331
412,-1468,3327
763,-1675,3349
801,-1439,2704
464,-987,1875
-343,-581,1028
-362,-305,761
-91,-138,950
-1315,-621,994
-1687,-178,777
-983,320,637
-1938,-152,961
-1423,-110,1313
-853,392,1240
-524,105,1617
-541,68,1844
-655,177,1721
-738,56,1823
-780,37,1954
-811,157,1911
-793,151,1964
-597,-77,2188
-875,-91,2139
-694,-81,2144
-814,-98,2094
-711,-33,2051
-608,-23,2036
-629,85,1962


















-,-,-
-131,-64,2132
-78,-105,2174
-232,-142,2132
-155,-23,2079
27,-68,2153
-54,-96,2152
-302,-82,2096
-265,-120,2082
-130,-106,2190
-166,-44,2167
-144,-98,2167
-205,-111,2177
686,-11,2135
398,10,1881
-32737,26,1396
-126,-161,213
601,525,-310
131,241,-78
439,-635,936
880,-1231,2367
-343,-2091,3233
-1947,-3168,3576
-951,-2751,4088
-643,-1724,3359
-518,-1505,3113
-192,-1567,3166
-45,-1525,3028
19,-1487,3170
75,-1392,3090
-242,-905,3074
-85,-1350,2148
-51,-1185,1548
-41,-757,948
-331,2,383
-138,444,209
76,325,498
51,301,697
-309,651,366
-391,417,382
-162,-32,759
-72,-125,885
-481,-201,1020
-196,-737,2040
-590,-1573,2090
-310,-1802,3059
115,-2316,3778
-654,-1734,3086
-564,-1594,2940
-569,-1822,3068
-158,-1675,3200
74,-1584,3107
196,-1760,3309
977,-1734,3371
289,-1125,2968
-115,-1183,2064
-88,-819,1566
-146,-615,1319
-425,-319,1000
-765,-417,1007
-817,-184,891
-1348,-61,666
-1954,-260,745
-1268,214,847
-1101,206,1095
-1212,-84,1368
-690,117,1611
-656,-9,1954
-890,96,1843
-982,26,1907
-1022,-2,2026
-824,-6,2134
-820,8,2040
-742,-69,2129
-754,-12,2064
-627,-81,2059


















-,-,-
-182,-67,2124
-241,-106,2162
-237,-148,2143
-223,-117,2167
-184,-82,2124
-227,-140,2175
-199,-82,2225
-131,-26,2154
-233,-103,2129
-123,-142,2138
59,7,1996
304,116,1857
296,-16,1621
461,-104,1165
625,10,912
413,174,819
-198,-294,931
-696,-61,929
-710,-688,1574
-661,-1407,2333
-378,-2006,2959
-1108,-2496,3187
-1004,-2372,2423
-851,-1193,2611
-443,-1642,3010
-490,-1744,3126
-408,-1894,3213
-16,-1877,3359
49,-1762,3219
-117,-1551,2644
-164,-1047,2004
88,-775,1531
-394,-696,1125
-22,-288,967
29,191,694
-208,115,780
-151,97,838
-73,399,605
-386,467,538
-242,225,761
-51,291,879
-596,110,1017
-158,-348,1621
-177,-542,1838
-401,-1117,2268
-917,-1310,2428
98,-1290,2893
-106,-1779,3279
-337,-1225,2598
-218,-969,2332
-487,-319,2571
-360,-1531,2777
312,-1413,3015
408,-1513,3247
551,-1400,3249
511,-1625,3507
524,-1714,3247
204,-1316,2424
-578,-810,1359
-750,-375,747
-846,-351,770
-665,-252,947
-996,-691,1259
-647,-295,1419
-747,103,1239
-1181,-92,1240
-1280,-82,1333
-1239,8,1546
-1008,-64,1672
-604,49,1931
-726,-37,1931
-722,-167,2068
-597,36,2012
-972,122,1790
-633,121,1904


















-,-,-
-264,-123,2146
-255,-99,2108
-261,-98,2119
-190,-87,2146
-273,-106,2134
-199,-127,2156
-208,-101,2119
-299,-129,2130
-232,-109,2109
-209,-61,2121
-242,-86,2129
-174,-93,2130
-279,-167,2149
-287,-155,2152
-228,-99,2127
-281,-89,2166
57,-131,2137
282,-154,1891
101,-89,1471
296,-14,640
814,525,248
355,353,478
-365,-395,1020
-550,-866,1868
-108,-1779,2839
-1072,-2581,3279
-996,-2088,3640
-878,-1109,2567
230,-843,2711
-240,-1319,3005
-714,-1761,3228
66,-1583,3398
184,-1684,3600
226,-1812,3589
-38,-550,2704
-219,-1240,1825
84,-740,1221
-262,-148,558
-368,142,343
206,604,322
-118,385,470
-243,95,629
74,548,492
-11,550,427
-223,80,584
-345,225,697
-310,-194,1161
-272,-777,1997
-525,-1503,2623
-393,-1815,3141
102,-633,3447
-445,-1429,3046
-742,-1557,2715
-803,-1465,2589
-308,-1268,2654
215,-1267,2765
213,-1572,3133
383,-1675,3436
735,-1651,3542
589,-1752,3265
179,-1333,2436
201,-1199,2005
-805,-968,1040
-380,-147,672
-1262,-459,805
-1242,-882,1144
-1395,-366,923
-1174,227,761
-1414,-45,939
-1431,44,1051
-866,313,1297
-745,134,1698
-789,-31,1726
-770,110,1741
-666,144,2023


















-,-,-
-184,122,2132
-150,78,2144
-180,61,2161
-186,127,2141
-233,96,2108
-199,129,2091
-111,87,2178
-120,155,2182
-158,126,2143
-213,130,2095
-219,167,2157
20,197,2175
102,53,2049
100,199,1209
36,259,761
166,-169,74
588,320,-252
429,145,567
233,-272,1785
230,-1557,2573
-371,-2575,3009
-1460,-2696,3062
-456,-1882,2802
-529,-1068,2754
-801,-1382,2968
-381,-1421,3240
-315,-1664,3234
-468,-1950,3309
-220,-1578,3131
230,-1720,3363
35,-1592,2873
-364,-1131,2221
-183,-858,1726
3,-660,1427
-445,-530,1068
-399,-423,879
-50,-138,687
-382,213,507
-261,344,446
-144,509,357
100,632,366
-6,306,687
119,9,883
-470,85,1062
-387,-795,1986
-155,-1086,2795
-265,-1384,2723
-173,-1709,3213
-187,-1272,3138
-474,-1216,2902
-288,-1138,2720
-138,-818,2316
-342,-1016,2283
-223,-940,2047
-119,-1097,2162
18,-1257,2303
58,-917,2326
80,-1123,2930
418,-1395,3497
473,-969,3188
-216,-1019,2872
-234,-1274,2766
-598,-1035,2074
-506,-201,1515
-1627,-461,1704
-1570,-204,1471
-1117,137,907
-973,143,786
-1002,-413,1211
-932,-50,1018
-1054,265,821
-1061,243,1031
-522,437,1263
-530,642,1345
-917,663,1699


















-,-,-
-364,201,2065
-319,239,2068
-358,211,2100
-407,236,2078
-226,216,2224
-403,113,2238
-517,85,2156
-181,236,2109
-109,246,2042
279,367,1778
331,402,1038
366,349,643
555,392,184
682,413,169
289,-194,465
-109,-508,1154
-139,-1836,1922
-1714,-3076,2938
-1741,-2440,2765
-1666,-2107,2889
-700,-2389,3050
-1055,-1622,2481
-1021,-1919,2825
-565,-1947,3136
-359,-1592,3188
-674,-1844,3379
-156,-1863,3213
438,-1496,2836
-20,-1529,2314
-187,-1287,1742
105,-720,1321
-120,-198,760
-276,1,357
-114,471,163
173,646,201
-280,460,471
140,644,535
-3,389,608
247,-70,982
593,-1,1109
-471,-212,1014
-475,-999,1839
-715,-828,2208
-282,-1096,3237
22,-1131,3044
-101,-1411,3058
-564,-1256,2713
-315,-1179,2662
-505,-1318,2528
-187,-1320,2499
-112,-1483,2537
-107,-1312,2440
-128,-1541,2657
275,-1471,2951
148,-1579,3310
21,-1736,3653
378,-1331,3194
-209,-1201,2589
-825,-1307,2216
-680,-831,1479
-259,-155,1087
-726,-315,917
-731,-348,925
-415,330,801
-821,410,831
-1094,217,1013
-1175,331,1026
-1338,516,821
-1046,332,1378
-696,579,1569
-738,828,1733
-773,505,1854
-747,473,1872
-885,518,1801
-1054,428,1781


















-,-,-
-191,281,2100
-156,262,2139
-162,267,2190
-213,268,2111
-299,244,2104
-254,281,2097
63,301,2143
-71,364,2053
-326,279,2074
-250,245,2143
128,292,2151
309,203,2069
325,352,972
276,413,301
414,504,-78
685,475,222
-118,-92,705
167,-731,1912
-475,-1678,2583
-1501,-3272,3382
-1395,-2775,2705
-1229,-1714,2765
-416,-1479,2853
-409,-1263,2804
-547,-1491,3012
-444,-1539,3079
-315,-1731,3477
79,-2025,3805
173,-1641,3198
-140,-1220,2379
-89,-1128,1628
49,-799,1049
-106,-121,497
-23,563,338
-121,584,273
5,470,478
63,360,791
-6,391,654
-179,72,711
102,-79,967
173,-120,1000
-576,-379,1097
-56,-742,2009
-1325,-739,1911
-1065,-1397,2730
-155,-1189,3182
-686,-1606,3106
-841,-1748,3096
-757,-1339,2823
-544,-1545,2828
-177,-1406,2902
109,-1298,2848
179,-1288,2804
53,-1197,2967
76,-1659,3213
-219,-1378,2716
-623,-796,1988
-744,-427,1349
-577,364,959
-343,597,866
-889,-276,1247
-1398,-294,1080
-1352,-17,1036
-1673,-204,1135
-1335,213,1114
-893,582,1223
-881,493,1493
-582,559,1634
-848,583,1534
-822,552,1642
-693,715,1763
-706,824,1766
-823,621,1806
-831,518,1875
-676,629,1942


















-,-,-
-220,307,2118
-168,304,2128
-168,340,2117
-171,274,2084
-140,426,2037
-207,446,2048
62,434,2154
90,396,2204
-35,412,2219
-38,400,2151
7,364,2175
-132,294,2117
224,450,1964
570,305,1544
227,573,426
511,667,-164
600,343,-179
156,8,527
208,-417,1267
432,-1111,2247
-999,-3051,4011
-1564,-1974,3261
-1407,-1277,2867
-71,-824,2783
-704,-908,2925
-397,-1357,3269
-464,-1820,3411
-847,-2299,3741
-238,-1449,3544
462,-1738,3804
-211,-2001,3048
-46,-1015,1955
8,-504,1068
5,-44,693
107,-35,589
-413,294,155
-157,544,194
422,802,217
-176,823,103
230,519,572
259,504,649
101,105,678
-13,-523,1388
-216,-832,1863
-486,-1049,2165
-660,-1829,3082
255,-1152,2994
-414,-1211,2953
-185,-2525,2882
-641,-1365,2675
-280,-1185,2932
-223,-1778,3412
344,-1430,3225
237,-1504,3213
786,-1543,3522
577,-1406,3016
60,-1312,2348
-704,-1204,1798
-1012,-653,1159
-1114,-354,1246
-1221,-421,1263
-844,-535,1057
-1150,-127,531
-1406,-252,375
-1718,-575,706
-1058,114,868
-799,293,1236
-572,529,1391
-342,535,1773
-849,84,1955
-652,8,2138
-645,116,2185
-976,-44,2116
-653,208,2127
-647,259,2067


















-,-,-
-95,219,2186
-241,189,2114
-281,206,2122
-145,200,2097
-131,224,2091
-98,252,2071
-10,321,2005
248,343,1928
511,220,1368
440,462,396
975,651,109
-467,-381,749
415,-474,1929
-10,-1694,2415
-1546,-2723,3031
-1610,-2252,3181
-1597,-1816,2791
-1459,-1066,2154
-179,-835,2492
-313,-1012,2672
-735,-1613,2935
-562,-1625,3295
-436,-1999,3806
-234,-1748,3672
-114,-1578,2985
-291,-1462,2195
48,-1095,1456
46,-257,784
-225,48,622
-240,95,669
-232,451,576
98,370,851
-123,311,769
-139,478,571
-52,514,480
116,224,717
-428,127,816
-335,-337,1115
-179,-905,1909
-846,-1698,2651
-77,-1552,3396
-494,-933,2775
-995,-1184,2762
-1156,-1128,2458
-1162,-1329,2198
-825,-1619,2348
-813,-1509,2216
-617,-1141,1976
-468,-1076,1966
-599,-1323,2155
-550,-1431,2358
-663,-1340,2774
-179,-2054,3626
-45,-1765,3480
-321,-1191,2537
-144,-1178,2004
-363,-750,1509
-1714,-1168,844
-2350,-89,-57
-899,998,14
-932,759,602
-969,-64,1449
-686,37,1564
-497,480,1435
-985,347,1316
-1195,141,1489
-706,639,1560
-837,595,1591
-813,255,1950
-578,457,2032
-599,525,1982
-928,226,2046
-722,319,2022


















-,-,-
-119,265,2062
-17,338,2110
-23,304,2128
-58,282,2097
-116,316,2090
-168,264,2066
9,227,2100
-107,291,1991
11,329,1918
86,322,1750
63,296,1067
177,223,561
1050,451,590
956,583,521
511,-208,980
-429,-448,1554
-966,-1347,1965
-1279,-2424,2313
-941,-2985,3081
-672,-2390,2722
-1067,-1636,2128
-597,-2085,2789
-399,-1664,2416
-10,-1263,2244
-131,-1643,2536
-223,-1803,2565
-297,-1907,3130
-70,-2437,3700
135,-2424,3367
188,-1617,2527
179,-1166,1807
-146,-839,1112
-291,-172,502
-23,385,353
48,531,288
-81,307,613
165,329,799
-48,244,887
-153,-42,1142
266,97,1094
-70,-117,1053
-139,-288,1118
-647,-605,1409
-210,-980,2031
325,-1104,2780
-320,-1403,2753
-128,-1760,2972
-238,-1514,2708
-552,-1456,2383
-703,-1507,2246
-803,-1532,2229
-200,-1585,2272
-243,-1664,2445
-118,-1566,2529
258,-1852,3237
830,-1846,3536
283,-1817,3152
-218,-1827,2511
-276,-1630,1927
-287,-1162,1488
-1161,-832,864
-1017,-246,605
-1169,124,690
-970,-309,866
-1104,-207,1113
-1014,246,1021
-852,258,1010
-1133,-23,1357
-585,306,1509
-586,164,1926
-603,10,2018
-648,23,2025
-582,-11,2141
-646,46,2081
-773,131,1942


















-,-,-
-63,81,2161
-242,59,2118
-94,68,2148
-149,221,2128
-93,113,2141
-144,50,2168
-197,137,2046
91,105,2151
208,61,2095
367,-27,1552
20,443,474
696,627,238
360,516,-169
-85,-150,270
-641,-782,1349
413,-1266,2512
-142,-2591,3332
-619,-3357,4013
-355,-1670,3207
112,-831,2533
-247,-1337,3012
-214,-1877,3391
325,-1644,3387
209,-2145,3821
445,-2203,3767
489,-1675,2989
-130,-1392,2192
-431,-980,1149
-102,-332,717
-16,-102,626
-116,131,539
-197,39,555
63,324,461
-531,333,423
-39,463,608
262,674,484
128,-32439,497
364,-109,1112
623,-288,1651
-84,-1242,2260
-911,-2360,2716
-315,-867,2282
-1120,-1186,1916
-1367,-1752,2655
-900,-728,2043
-1007,-1411,2293
-508,-1814,2704
-715,-1498,2285
-85,-1584,2477
205,-1777,2835
390,-1961,3225
754,-907,3755
511,-2159,3549
-181,-2229,2840
-287,-1762,1949
-821,-1249,1217
-1037,-404,444
-1439,-195,551
-1513,-458,795
-844,-68,899
-380,247,1466
-825,-294,1560
-736,-16,1302
-773,330,1251
-694,203,1411
-710,295,1455
-583,265,1686
-472,130,1992
-820,202,1912
-616,203,1956
-574,62,2218
-743,201,2114
-785,175,2057
-802,27,2106
-678,120,2041


















-,-,-
-9,254,2122
-220,198,2183
-196,108,2209
-177,203,2057
-384,136,2011
-91,184,2071
26,216,2073
-7,176,2110
25,245,2000
177,278,1664
407,356,615
514,657,-133
834,774,-464
384,-156,307
78,-931,860
26,-1942,1733
-1015,-3427,3644
-1851,-2727,3022
-1445,-2152,3238
-530,-923,2555
-436,-1190,2698
-468,-1782,2744
-43,-1668,2997
-598,-2123,3301
-401,-2202,3838
-187,-2511,3704
-16,-2265,3005
-38,-1752,1861
109,-1260,1330
-114,-608,636
-625,-199,255
71,302,386
217,680,287
-76,410,458
28,342,633
190,670,406
-105,647,206
-84,161,648
35,165,733
-624,-564,1245
-118,-1445,2449
-1049,-1268,1716
-1281,-1402,2566
212,-1019,2841
-638,-1350,2827
-448,-1291,2818
-452,-1042,2435
-808,-1162,2118
-709,-1249,2137
-572,-1326,1938
-415,-1912,2575
-493,-1760,2951
355,-1640,3624
-59,-2431,4133
-455,-2292,3420
-352,-1592,2358
-226,-1605,1962
-1020,-1388,1207
-833,-817,813
-739,-93,509
-364,423,516
-648,357,774
-786,155,1147
-710,100,1323
-1011,84,1433
-1147,67,1447
-640,416,1639
-468,577,1788
-678,388,1749
-416,427,1925
-629,398,2067
-712,317,1990
-550,566,1803
-569,509,2031
-793,281,2057


















-,-,-
131,304,1524
264,403,1564
30,347,1752
61,81,1933
92,307,1908
-162,112,2081
154,139,2049
-77,454,1902
-344,192,2055
200,157,2131
724,-121,1670
1058,209,548
1076,504,-729
1085,1311,-1329
-178,-100,-434
-176,-2029,2202
-515,-2662,3163
-1524,-4067,4764
-1136,-2804,3805
10,-907,3222
-498,-1061,3236
-6,-1637,3585
-196,-2230,3656
-96,-2392,4078
475,-1786,4097
509,-2093,3234
497,-1993,1990
244,-1076,352
-60,-59,-504
45,640,-497
315,1074,-340
-238,908,-206
-490,414,217
-104,562,311
-40,166,320
-91,-240,159
37,-807,828
-554,-1317,1419
-558,-1518,2508
-1378,-1106,2335
-508,-2006,3892
-441,-2017,3550
-512,-1856,3321
-658,-1710,3057
-63,-1482,3114
-124,-1716,3120
658,-1751,3417
224,-1824,3341
-177,-1651,3092
-175,-1506,3060
-783,-1277,2211
-1511,-1081,1297
-908,-385,936
-985,95,652
-850,-54,767
-832,213,719
-685,436,797
-862,565,853
-819,824,787
-1185,701,991
-885,666,1156
-733,676,1449
-851,615,1474
-754,684,1628
-505,826,1726
-804,769,1662
-920,680,1726
-823,801,1832
-714,880,1870
-682,781,-30873
-726,706,2024
-796,712,1875
-685,791,1760
-817,786,1787
-697,732,1859
