-,-,-
425,-387,2501
396,15,2043
76,174,2121
179,193,2082
167,156,2143
104,112,2143
84,147,2163
92,146,2151
118,168,2214
176,147,2197
131,138,2181
54,106,2139
-28,145,2087
6,127,2012
-81,150,1808
229,115,1625
1178,-26,1365
1752,23,468
1593,10,-531
805,-83,-831
-529,-472,374
-1388,-1408,3434
-1417,-2055,5265
-1528,-1399,4959
-1091,-675,3756
-755,-446,3126
-771,-455,2587
-705,-497,2321
-272,-483,2241
-159,-424,2189
-34,-329,2455
360,-400,3453
1339,-490,4785
934,-473,4784
-231,-481,3637
-581,-428,1458
-238,-176,-288
-101,176,-1757
97,-196,-1393
394,-428,-311
610,-305,334
542,-71,976
342,244,1457
-529,-114,1651
-519,-803,3184
-808,-1165,4218
-704,-698,3774
-754,-458,3448
-661,-458,3409
-476,-465,3201
-303,-369,2846
210,-233,3609
1274,-520,4672
792,-733,4777
-383,-522,2848
-998,-260,1436
-1007,-150,338
-579,16,250
-166,238,587
-31,361,620
-31,349,1204
164,363,1565
-90,455,1537
-264,458,1757
-223,433,2023
-218,405,2141
-137,415,2147
9,396,2326
29,468,2106
-141,492,2043
-142,402,2231
-119,414,2112
-31,371,2126
-80,408,2129
-106,439,2141


















-,-,-
-27,220,2141
-97,225,2212
-97,188,2161
-73,227,2090
-87,238,2068
-68,244,2125
-59,215,2089
-120,223,2131
-92,221,2127
-91,207,2168
-53,235,2148
-32,216,2137
-61,183,2066
-12,144,1964
119,61,1836
351,-148,1509
775,-251,443
861,315,-1273
843,455,-849
-194,-518,1658
-647,-2026,5126
-1204,-1446,5082
-1018,-552,3919
-681,-282,3227
-522,-332,2606
-373,-425,2285
-331,-277,2078
-323,-368,2337
24,-559,3093
461,-804,4341
784,-759,4764
-115,-706,3890
-1168,-465,2080
-889,-186,704
-1132,-156,176
-611,2,353
-269,148,801
-108,176,1183
-94,246,1395
-199,300,1423
-23,167,1476
414,89,1506
966,10,1030
1614,377,-343
631,733,-1110
-829,-664,1681
-2051,-1758,4477
-1457,-647,3977
-1043,-414,3615
-807,-634,3343
-786,-503,2558
-553,-332,2139
-198,-391,2255
-117,-414,2500
-99,-691,3629
-322,-1044,5214
-736,-1261,5395
-1177,-850,3086
-918,27,475
-569,179,-52
-514,-95,-181
-100,200,227
5,161,755
-171,103,1437
-336,118,1720
-548,234,1840
-573,205,1880
-555,248,2043
-590,245,2151
-507,181,2359
-405,183,2259
-426,275,2160
-512,220,2174
-601,224,2164
-519,242,2091


















-,-,-
37,161,2157
31,190,2081
37,204,2086
84,206,2121
103,242,2141
103,210,2143
109,220,2152
27,222,2097
8,220,2085
89,181,2128
44,228,2175
44,190,2203
60,197,2094
255,120,2016
235,-111,1786
401,-338,1307
928,-101,205
1419,629,-1371
542,483,-663
4,-937,2107
-1074,-2040,4941
-1191,-1615,4685
-921,-883,3865
-517,-701,3301
-329,-734,3170
-335,-837,3238
-259,-982,3389
29,-1005,3590
235,-1029,3746
-184,-962,3585
-554,-691,2804
-817,-321,1753
-127,106,906
29,428,302
-46,411,450
143,535,523
300,569,669
91,441,1205
137,305,1549
176,223,1730
169,229,1657
558,223,1500
1057,224,945
1747,518,-522
991,479,-654
-391,-818,1849
-1644,-1897,4503
-1700,-1374,4631
-1337,-705,3823
-804,-419,3147
-490,-378,2765
-196,-352,2486
-90,-430,2533
66,-406,2682
324,-589,3680
1074,-1209,5590
-202,-1417,4505
-1384,-718,1809
-1241,-146,505
-775,147,-248
-287,458,-740
-97,286,808
23,258,1555
157,351,1628
18,454,1709
-51,402,2059
-184,377,1949
-239,329,2386
-104,333,2408
-2,399,2201
-126,462,2014
-108,463,1894
-10,364,2086
-9,342,2201
-50,360,2090


















-,-,-
217,155,2150
131,165,2204
91,164,2224
114,161,2201
86,189,2162
55,215,2119
137,189,2109
153,189,2179
95,207,2123
74,236,2160
80,182,2105
12,158,2087
81,119,2047
301,-15,1904
917,-60,961
1274,224,-1251
944,201,-1706
262,-253,-54
168,-1544,3394
-593,-1963,5378
-200,-1376,4855
-162,-809,3736
-211,-599,2813
30,-560,2383
-63,-651,2239
-12,-673,2185
141,-571,2024
73,-525,1967
30,-521,2075
123,-454,2258
622,-692,3242
1639,-1302,5462
875,-1588,5326
-1223,-1323,3552
-1502,-802,805
-1308,-388,-22
-783,-57,-321
-354,338,-78
110,262,779
375,299,1327
349,331,1470
278,249,1317
240,151,1546
407,41,1578
771,1,1271
1096,338,4
1031,455,-806
-34,-1114,2578
-1463,-1758,4734
-1530,-998,3970
-996,-460,3202
-485,-520,2918
-352,-598,2720
-307,-547,2325
-49,-511,2286
-40,-552,2262
-105,-598,2193
-55,-663,2490
177,-622,2989
594,-823,4403
153,-1322,5658
-474,-1382,4380
-683,-942,2480
-599,-467,648
-337,-94,-502
-180,184,488
-200,278,545
-317,275,916
-363,220,1456
-238,274,1738
-404,262,1834
-470,276,1928
-354,257,1956
-329,286,2058
-290,289,2152


















-,-,-
22,158,2149
13,189,2129
-22,183,2140
-45,159,2160
10,187,2104
-16,158,2131
16,151,2158
15,137,2071
20,126,2049
91,58,2085
204,-58,1962
344,-212,1623
1010,-230,545
1798,328,-1879
979,99,-1392
162,-1396,1898
-637,-2214,4205
-1740,-1995,4607
-1072,-1458,4534
-312,-1158,4000
-233,-837,3274
-138,-778,2982
-56,-923,2938
168,-1104,3161
497,-1188,3933
325,-1573,4901
-950,-1568,4096
-1253,-940,1785
-629,-93,-197
100,414,-1075
436,407,-535
595,367,264
631,308,662
387,152,1165
329,86,1283
343,60,1240
401,-27,924
1138,266,174
1461,310,-144
-37,-751,2055
-1596,-1753,5004
-1749,-1288,4592
-1071,-684,3714
-549,-450,3289
-177,-532,3190
-112,-597,3224
132,-719,3708
565,-949,4705
179,-1156,4643
-524,-1242,3543
-892,-768,1392
-799,-233,131
-462,133,-340
-203,362,140
-16,451,490
-1,445,1205
-88,450,1666
-194,354,1827
-262,382,1959
-351,394,1999
-337,406,2145
-360,412,2174
-367,382,2118
-412,395,2228
-270,460,2212
-288,449,2088
-354,377,2111
-398,349,2164
-365,340,2093
-287,381,2077
-296,348,2024
-273,385,1986
-336,394,1923
-340,388,1937


















-,-,-
118,53,2097
73,53,2076
94,69,2117
93,46,2106
191,-47,2057
114,103,1870
23,269,1908
119,45,1959
461,35,1318
1022,156,-938
733,-51,-1248
250,-546,575
58,-1364,3123
-739,-1821,4953
-739,-1509,4944
-651,-1211,4175
-173,-804,3051
-66,-592,2313
289,-639,2506
664,-909,3036
956,-1150,4210
785,-1262,4629
-412,-1322,4047
-880,-701,2167
-619,-112,803
-405,151,-3
-399,236,125
34,321,139
139,359,687
103,210,993
112,71,1210
165,36,1128
272,12,1003
714,-103,603
1171,197,-106
1334,853,-765
301,-518,1965
-1335,-2187,5303
-1306,-1629,5190
-1043,-691,3640
-607,-522,2986
-344,-781,3103
-445,-795,2674
-322,-640,2376
-32,-564,2449
88,-601,2766
441,-927,4236
533,-1454,5783
397,-1389,4394
-534,-580,1776
-656,-122,531
-578,111,-40
-704,-127,156
-223,-48,584
-84,276,712
154,371,1256
14,312,1634
-102,284,1929
-201,312,1980
-104,311,2037
-132,351,2123
-215,380,2088
-188,324,2202
-175,308,2293
-161,368,2241
-229,333,2175
-227,328,2121
-146,311,2075
-142,310,2179
-173,302,2080
-121,290,2100
-74,301,2161
33,371,2086
11,377,2026
-1,369,2083


















-,-,-
248,65,2360
119,114,2249
42,176,2155
169,105,2225
134,152,2175
97,145,2135
219,108,2124
211,44,2216
57,84,2175
-20,127,2178
51,112,2154
36,185,2121
60,171,2053
79,158,2047
163,151,2120
202,174,2125
129,183,2079
61,150,2131
-23,125,2269
-88,36,2503
-198,-122,2812
-133,-124,2648
153,-231,2145
687,-273,978
1298,209,-887
2132,715,-1999
1245,403,-1734
367,-1287,1631
-598,-2164,4660
-1212,-1601,5064
-708,-1085,4457
-524,-726,3719
-503,-719,3373
-444,-889,3208
-295,-939,3320
71,-1020,3796
-6,-1444,4852
-121,-1401,4392
-451,-1024,2867
-110,-322,999
329,263,-762
23,-49,-705
130,161,-245
251,217,-119
310,154,312
597,39,678
786,130,723
882,273,493
781,191,521
177,-535,2529
-513,-1372,3950
-801,-1147,4028
-614,-825,3670
-389,-624,3208
-102,-567,2930
-8,-608,2621
-138,-643,2549
-54,-646,2699
101,-694,3263
290,-914,4113
241,-1195,5116
-183,-1130,4323
-423,-744,2590
-125,-135,454
-474,8,-27
-466,8,-124
-9,207,582
98,365,923
-85,373,1310
-112,393,1520
-179,394,1699
-181,460,1799
-191,409,2114
-130,420,2185
-152,388,2222


















-,-,-
23,168,2168
23,129,2178
15,124,2168
15,183,2111
10,213,2099
57,181,2171
37,125,2174
13,124,2005
271,91,1868
295,94,1125
703,52,-122
1180,1,-584
804,-220,242
398,-575,1753
-223,-1000,3336
-567,-1456,4126
-774,-1391,4518
-783,-1013,3807
-887,-730,2887
-526,-633,2480
-416,-565,2198
-223,-532,2207
314,-633,2840
1243,-902,4346
959,-1239,5119
-545,-1214,3837
-1303,-678,2201
-489,-92,835
-255,387,-213
-319,217,305
104,300,393
231,347,687
414,301,1027
418,134,1465
475,90,1318
591,104,1113
958,73,964
1132,181,-211
379,239,-9
-70,-547,2208
-418,-1304,4995
-314,-659,4405
-435,-165,3468
-423,-275,3195
-227,-368,2753
-210,-395,2312
-201,-358,2086
136,-372,2138
385,-441,2205
219,-603,2784
759,-838,3647
713,-1030,4493
164,-1261,5044
-392,-1223,3738
-587,-329,1997
-390,232,578
-309,501,-277
-257,212,766
26,235,869
-68,267,1129
-11,189,1559
-33,296,1622
-169,420,1574
-179,404,1653
-111,220,2008
-234,239,1984
-103,208,1848
-162,180,2284
-28,164,2288
-127,235,2185
-166,173,2191
-164,168,2208
-160,166,2161
-109,151,2171
-13,209,2174


















-,-,-
9,87,2143
112,103,2181
128,75,2128
52,57,2140
33,32,2087
116,57,2156
102,48,2144
116,72,2146
89,75,2138
59,37,2150
31,33,2131
62,-5,2139
161,-79,2078
451,-160,1700
599,-238,588
1016,-18,-768
1248,-89,-938
1024,-165,393
270,-1297,2928
-770,-1792,4230
-917,-1800,4616
-846,-1365,3806
-496,-1043,3055
-328,-894,2728
-234,-974,2988
78,-1227,3406
226,-1490,4004
355,-1554,4491
-71,-1378,3748
-299,-935,2575
-594,-300,1030
-373,110,223
-48,227,29
-111,255,130
376,353,69
528,202,352
676,60,479
997,-76,332
1293,34,-352
1061,-140,-199
62,-1155,2526
-1190,-2034,4994
-1343,-1225,4649
-1086,-475,3529
-514,-294,2909
-288,-396,2750
-252,-494,2422
-358,-428,2256
-67,-531,2461
394,-717,3203
946,-1237,5002
503,-1482,5334
-230,-1466,3646
-793,-878,1936
-681,-334,555
-528,90,22
-542,-67,659
-411,196,372
-248,273,622
-123,328,1241
47,280,1736
-20,218,1982
-62,194,2144
-239,228,2058
-303,227,2087
-239,275,2140
-207,259,2129
-256,265,2148
-182,227,2084
-165,190,2208
-137,179,2206
-192,146,2226
-224,163,2217
-120,196,2272
-157,137,2134


















-,-,-
-6,99,2157
1,121,2097
-17,126,2140
55,124,2125
63,89,2103
56,109,2137
41,136,2127
150,113,2179
106,142,2171
60,149,2146
54,147,2171
35,144,2096
85,119,1974
307,57,1643
493,53,891
768,15,-180
843,-8,-313
676,-118,273
645,-716,1655
-501,-1643,3670
-1144,-1891,4660
-1219,-1255,4209
-507,-743,3107
-388,-629,2357
-437,-917,2761
-228,-853,2960
91,-888,3503
235,-1194,4193
-263,-1518,4591
-751,-1267,3632
-572,-650,2020
150,12,705
194,311,-293
205,-2,232
398,45,331
330,-69,620
304,-168,733
487,-141,711
1249,217,-67
1533,419,-974
525,-526,718
-967,-1564,4372
-1970,-1838,4918
-1347,-947,4015
-882,-522,3229
-706,-533,2605
-570,-594,2320
-608,-689,2380
-323,-675,2583
47,-744,3080
100,-918,3823
-193,-1256,4420
-220,-1304,4245
-410,-1137,3240
-525,-569,1814
-411,24,369
-208,88,526
-132,-138,804
-105,118,1000
10,214,1138
33,305,1271
23,319,1537
-47,290,1728
-16,299,1879
-141,301,1895
-154,297,1925
-122,328,2004
-64,313,2080
-68,318,2191
-205,280,2229
-258,292,2211
-185,360,2087
-158,328,2079
-194,236,2192
-218,244,2178


















-,-,-
-70,118,2193
-95,67,2220
-85,85,2175
5,130,2133
19,125,2179
12,106,2143
8,110,2086
-42,118,2060
-25,94,2083
25,39,2064
108,-36,1947
147,-246,1753
211,-469,1241
725,-467,264
1293,110,-1375
649,558,-1356
-148,-986,2312
-1015,-2191,5290
-988,-1577,4881
-450,-767,3840
-83,-616,3679
-134,-824,3839
-274,-1029,4004
-505,-1158,4016
-474,-1193,4025
-532,-1151,3541
-366,-802,2512
43,-271,1375
282,61,636
49,231,341
201,287,410
372,376,467
257,240,601
236,98,831
218,82,1006
325,111,887
763,57,801
1095,-21,311
1006,425,164
387,-246,1011
-676,-1189,3868
-1148,-1643,4611
-1380,-1385,4260
-1084,-842,3610
-641,-643,3324
-392,-678,3063
-201,-693,3015
-300,-750,3157
-503,-913,3676
-366,-1172,4201
-76,-1231,4409
42,-577,2862
128,-135,1319
82,194,402
8,347,188
109,408,348
22,331,565
-170,261,1007
-194,324,1276
-51,436,1468
-28,493,1657
47,481,2009
-73,490,2118
-135,553,2200
-191,580,2132
-202,591,2081
-133,603,2030
-3,625,1995
-51,580,2025
-109,566,2103
9,421,2249
-120,391,2147
-194,373,2198
-130,405,2249
-54,413,2086


















-,-,-
83,178,2166
38,185,2199
53,145,2280
-18,100,2270
-70,103,2201
-16,84,2226
-7,123,2199
-12,153,2155
-14,153,2102
42,150,2121
82,89,2160
148,-23,2213
151,-120,2100
268,-103,1604
816,39,753
998,577,-1682
468,278,-1357
-434,-973,1416
274,-1686,4013
-241,-1777,4364
-337,-1475,4369
-418,-1170,3507
-509,-967,2564
-189,-844,2566
85,-896,2925
403,-954,3229
383,-1117,3622
259,-1170,3922
66,-1206,3903
-296,-1163,3447
-600,-900,2644
-430,-480,1348
-359,-85,754
-69,250,306
111,329,267
394,450,509
453,535,545
445,485,606
536,347,764
582,291,901
613,388,685
1069,483,-126
1076,327,-218
-21,-877,1569
-565,-1844,3712
-977,-1647,4666
-696,-883,3729
-400,-483,3135
-372,-563,2846
-392,-587,2663
-322,-588,2502
-293,-569,2418
-217,-548,2376
-337,-595,2401
-203,-752,2811
-132,-845,3327
-216,-1016,4312
-311,-1054,4492
-561,-1232,4088
-686,-1068,3071
-272,-525,1551
-233,366,201
243,718,-430
-152,700,263
-98,666,659
-63,385,997
-323,340,1399
-171,484,1514
-60,666,1458
44,722,1682
-6,663,2074
-92,632,2179
-148,603,2269
-72,608,2288
-119,590,2209


















-,-,-
81,232,2158
97,151,2243
169,158,2273
102,210,2280
-96,169,2310
-128,127,2231
-152,119,2128
-83,125,2200
44,100,2187
92,182,2105
154,233,2081
156,96,2047
53,94,2130
76,98,2239
2,75,2194
57,31,2406
-31,-35,2199
194,-212,2134
605,-315,992
709,135,-1518
1170,402,-2338
1303,-378,-246
462,-1827,3079
-740,-2124,4452
-910,-1712,4327
-436,-1215,3881
-463,-1049,3653
-273,-1145,3714
19,-1036,3416
-5,-1020,3331
117,-1205,3787
-172,-1716,4984
-493,-1946,4619
-302,-907,2682
634,196,636
472,719,-784
357,215,-193
353,-62,631
-164,-50,702
234,49,976
495,26,1027
461,127,814
711,230,582
1313,512,-548
750,715,-1723
819,-446,93
-986,-2310,4091
-1835,-2189,5560
-1081,-1016,4381
-503,-493,3537
-270,-541,3146
-378,-687,2933
-541,-747,2799
-281,-676,2594
134,-609,3003
180,-577,3895
348,-1022,5131
-736,-1493,5223
-732,-974,2928
-635,-512,1281
-348,-228,559
-27,125,-140
58,315,-189
176,293,488
82,387,835
159,458,1201
50,468,1615
55,445,1896
-12,409,2014
57,373,1974
-33,380,2087
-71,405,2070
-78,349,2237
-45,420,2191
-136,486,2127


















-,-,-
-89,301,2156
28,223,2299
84,217,2259
47,294,2085
55,305,2000
151,315,1995
134,311,2073
130,304,2053
107,290,2201
12,281,2159
36,279,2189
2,306,2143
103,330,2212
130,363,2171
70,379,2081
38,380,2019
79,341,2038
132,364,2076
103,382,2070
116,361,2121
122,332,2113
85,339,2052
137,221,1921
179,-26,1574
347,-371,996
1025,-619,-71
1548,-290,-1996
572,190,-2267
-348,-1470,1184
-579,-2628,6554
-745,-2093,5688
-654,-1406,4940
-163,-1154,4595
-106,-1165,4452
-374,-1461,4764
-386,-1836,5125
-555,-1683,3683
-340,-897,1537
-19,-242,185
153,-36,-167
-32,143,-287
203,267,134
209,264,676
356,83,1012
378,43,1090
394,247,723
1348,429,-696
582,506,-1416
363,-500,861
-936,-1721,4349
-1198,-679,4808
-1034,-803,3659
-523,-699,3232
-458,-836,3171
-380,-822,2823
-311,-702,2545
-126,-654,2344
-58,-729,2374
-40,-891,3131
108,-1103,4208
57,-1493,5322
-723,-1313,3973
-875,-688,2382
216,-306,619
-271,111,-374
-191,117,-72
-197,398,220
-238,406,939
-215,220,1903
-149,187,2251
-180,297,2111
-188,378,2126
-267,321,1942
-138,350,1986


















-,-,-
-28,279,2175
-18,284,2136
30,296,2127
-3,284,2185
33,292,2187
-38,298,2099
8,275,2083
62,245,2172
101,249,2118
49,233,2026
130,110,1965
225,4,1662
497,-122,892
986,296,-1213
460,477,-2552
196,-783,93
411,-1901,3903
-496,-1689,4763
-1050,-1374,4033
-596,-1248,3751
-382,-1127,3488
-558,-1007,3087
-465,-987,2819
7,-1032,3050
308,-989,3178
429,-1097,3677
197,-1244,4227
-298,-1265,3856
-918,-923,2796
296,-553,1702
126,-166,1086
65,-27,417
20,185,348
104,164,385
300,189,467
393,227,546
408,289,389
637,449,227
1109,683,-369
1058,565,-1241
493,-370,74
32,-1525,3032
-414,-1769,4658
-870,-1211,4498
-675,-723,3958
-309,-577,3441
-487,-594,3216
-535,-603,2800
-392,-513,2552
-148,-478,2324
-89,-370,2001
121,-254,1841
247,-141,1875
112,-271,2189
320,-643,3889
758,-1339,6147
225,-1532,5736
-337,-1135,3305
208,-630,1222
-311,-60,-615
-293,103,-1055
-425,154,95
220,147,720
221,299,1177
453,377,1559
340,353,1838
37,291,1999
-34,322,1942
-11,357,2070
15,457,2186
40,477,2166
-16,366,2224
-70,245,2344
-2,255,2248
-22,367,2168


















-,-,-
-16,102,2106
-16,120,2090
25,112,2113
24,127,2113
15,168,2127
74,128,2149
49,181,2180
11,170,2127
33,148,2159
-9,152,2122
5,123,2121
19,102,2061
118,37,2142
189,-23,2063
353,-181,1659
835,-125,594
518,538,-1769
-51,421,-1441
287,-1008,1836
-290,-1880,4548
-650,-1315,4162
-198,-925,3581
14,-722,3375
-169,-839,3212
-270,-903,3010
-283,-895,3059
-70,-963,3298
43,-1082,3628
129,-1080,4034
118,-1078,3858
-143,-894,3052
-313,-498,1882
-244,-78,935
-139,192,712
-22,303,648
-24,388,532
290,327,880
379,227,1161
336,193,1091
394,182,971
518,234,703
736,256,259
952,266,-248
800,117,-221
-372,-909,1855
-797,-1891,4040
-704,-1417,4731
-726,-910,3718
-473,-821,3481
-519,-925,3400
-201,-885,3290
150,-811,3345
202,-904,3625
129,-1085,4056
-314,-1224,4272
-319,-1336,3905
-71,-1193,2974
198,-507,1494
318,173,139
257,582,-505
25,378,19
-535,127,639
-630,130,1116
-266,191,1500
-160,312,1561
-95,375,1760
-186,444,1877
-249,430,1929
-186,433,2009
48,388,2535
-2,458,2185
-90,410,2158
-13,427,2181
49,424,2152
-40,389,2129


















-,-,-
-56,77,2179
-64,77,2121
-81,83,2100
-66,87,2158
-98,77,2129
-132,84,2084
-114,68,2078
-107,127,2094
-45,181,2137
18,159,2202
-77,140,2199
-84,152,2141
-89,45,2133
73,-97,2132
119,-274,1656
361,-219,211
954,535,-1898
841,746,-1253
906,-1005,1613
151,-2240,4060
-473,-1925,4268
-295,-1270,3980
-72,-946,3633
-112,-974,3457
-154,-1038,3341
-101,-1047,3112
227,-946,3060
450,-952,3589
330,-1206,4046
83,-1375,4067
-416,-1229,3135
-541,-647,1668
-118,-96,754
77,189,315
-23,234,207
160,371,246
519,274,355
655,115,623
803,109,609
833,367,-70
444,392,-485
11,-185,232
71,-1101,2647
-230,-1103,3636
-146,-1062,3504
-100,-913,3287
122,-1054,3587
54,-1059,3744
-97,-1027,3456
90,-1048,3517
401,-1062,3904
681,-1240,4287
352,-1496,4313
-305,-1486,3762
-644,-1013,2114
-485,-403,349
-196,167,-28
-41,483,-464
-209,642,-55
-109,510,554
-70,371,1337
-79,331,1864
-6,433,1730
25,472,1852
-69,394,2286
-100,315,2107
-207,283,2319
-149,313,2460
-94,328,2363
-34,387,2287
-93,380,2247
-133,362,2235
-170,323,2113
-173,343,1997
-132,308,1946


















-,-,-
-39,66,2174
-98,75,2175
-131,21,2114
-80,0,2189
-34,23,2171
-46,-16,2168
-131,23,2131
-60,-20,2178
-34,13,2157
100,67,2142
170,34,2226
127,34,2123
82,6,2149
-56,9,2182
-148,-32,2154
-145,-28,2195
-151,-74,2244
58,-84,2173
157,-120,1985
410,-226,1549
1060,-162,326
922,460,-1892
947,182,-1886
450,-832,594
-174,-2165,3728
-700,-2209,4769
-465,-1650,4638
-170,-1437,4358
-228,-1361,3925
-187,-1388,4079
-257,-1587,4131
-132,-1770,4203
-312,-1711,3752
-275,-1228,2607
-178,-550,1227
169,-33,420
180,237,204
204,268,151
307,319,332
598,238,524
799,193,404
788,335,-68
863,597,-984
175,407,-865
224,-1156,980
-779,-2686,5723
-836,-1750,4640
-289,-844,3582
13,-597,3052
-192,-997,2938
-422,-1095,2792
-205,-1073,2796
-153,-992,3001
-390,-1064,3515
465,-1515,4742
-622,-1484,4115
-1055,-1070,2949
-492,-457,1299
-286,9,602
-50,343,-18
73,219,147
-263,-92,1655
8,9,1163
-389,161,1051
-437,273,1322
-202,260,1696
-399,74,1876
-547,-23,2042
-558,143,2054
-353,272,2148
-167,308,2227
-347,233,2185
-514,26,2025
-575,31,2483
-446,59,2343


















-,-,-
95,65,2194
121,36,2195
78,57,2122
62,43,2137
124,71,2149
136,57,2153
129,58,2175
191,72,2180
72,73,2097
112,81,2116
121,117,2136
105,45,2157
233,-117,2120
281,-273,1536
492,-169,328
888,673,-2240
609,233,-2011
441,-1037,1369
133,-2093,4285
-569,-2006,5049
-381,-1383,4521
-310,-1134,3518
-327,-1023,3175
-215,-1057,3029
-80,-1121,3241
69,-1252,3538
190,-1373,4085
67,-1520,4011
-232,-1347,3500
-659,-943,2545
322,-465,1358
22,43,647
-27,445,180
65,312,445
87,238,659
318,176,925
448,164,1024
376,354,801
355,773,-23
1547,927,-1251
837,-105,-728
389,-1545,1827
204,-2361,4563
-507,-2010,4641
-479,-1449,3989
-391,-1079,3496
-411,-957,3085
-471,-907,2724
-180,-814,2371
-291,-670,2188
31,-650,2084
190,-527,2164
217,-446,2543
181,-839,3733
-158,-1668,4943
-1050,-2179,5202
-1289,-1851,3110
-480,-765,1045
-416,78,-175
-254,227,-710
35,280,633
-88,236,704
-120,127,1165
-112,154,1429
-95,218,1743
-94,284,1711
77,290,1851
-258,342,1986
-237,245,2280
-217,201,2190
-437,253,2109
-401,349,2246
-185,280,2461
-228,262,2509


















-,-,-
-79,97,2189
-118,91,2092
10,75,2139
16,2,2168
45,22,2145
60,12,2197
60,18,2187
-61,-8,2195
-145,32,2160
-148,5,2232
-171,-20,2224
-172,-65,2268
-67,-110,2177
151,-305,1959
554,-284,733
817,358,-1446
1222,313,-2030
1318,-662,-12
253,-2059,3228
-547,-2397,4268
-653,-1919,4565
-693,-1303,3963
-441,-866,3399
-316,-730,2873
-144,-748,2883
-102,-966,3118
38,-1280,3602
185,-1469,4129
112,-1453,4271
23,-1226,3496
-98,-804,2329
-190,-437,1200
-341,-153,445
-266,-39,365
97,60,417
310,18,32
586,134,-243
960,371,-627
1114,541,-1061
945,62,-424
179,-796,1319
-62,-1888,3643
-536,-1745,4388
-425,-1176,3838
-392,-877,3538
-230,-783,3300
-230,-730,2947
-256,-601,2550
-9,-572,2347
253,-647,2477
571,-885,3428
611,-1408,4834
100,-1684,5032
-394,-1488,3838
-396,-910,2081
-199,-343,901
-446,46,-151
-413,127,-610
-615,167,14
-41,169,663
399,107,1682
168,217,2156
-113,382,1898
-431,328,1901
-443,242,1958
-252,97,2249
-340,107,2222
-258,116,2286
-195,137,2206
-142,157,2336
-161,182,2259
-195,94,2201
-306,65,2162
-191,55,2129
-180,90,2072


















-,-,-
-70,23,2154
-43,13,2164
-59,6,2173
-82,16,2160
-27,37,2229
-13,12,2228
-20,34,2209
-72,32,2158
-84,5,2125
-36,15,2146
-9,2,2177
-29,-22,2150
-26,-56,2047
30,-125,1904
173,-277,1781
536,-315,1249
1104,-47,-103
1436,256,-1867
702,-51,-901
519,-1076,1673
-76,-2219,4583
-504,-2243,5514
-562,-1545,4691
-507,-998,3518
-450,-742,2870
-380,-730,2745
-164,-866,2890
360,-1050,3486
473,-1225,4403
311,-1448,4295
-348,-1362,3232
-495,-765,1983
-14,-195,792
130,188,191
-87,168,410
1,265,161
285,236,202
452,147,247
670,162,186
976,356,-575
742,301,-940
416,-591,683
-16,-1700,3874
-659,-1784,4530
-621,-1151,3914
-483,-851,3441
-373,-625,2969
-238,-744,2780
-64,-594,2472
8,-599,2395
-80,-645,2397
-6,-819,2982
652,-1117,4645
612,-1423,5698
-177,-1632,4412
-606,-884,1770
-815,-385,526
-664,-69,385
-550,-158,268
-369,-11,825
-223,114,930
-86,271,1290
-117,228,1678
-411,207,1644
-397,127,1956
-370,164,1862
-193,219,1946
-173,196,2181
-306,182,2202
-340,184,2148
-368,120,2140
-400,161,2237
-333,78,2160
-312,88,2149
-321,150,1956


















-,-,-
85,126,2049
-51,45,2142
13,-58,2252
-62,-190,2423
-31,-203,2321
9,-207,2293
98,-153,2305
186,-67,2216
320,19,2197
332,34,2100
233,-53,2086
311,-103,2134
340,-158,2063
246,-118,1723
430,-48,1145
742,227,-282
1138,579,-2263
401,-327,-1044
827,-2403,4199
-826,-2605,4904
-842,-1455,3987
-5,-675,3279
463,-588,3045
357,-598,2865
324,-779,2954
214,-998,3130
365,-1021,3066
506,-1046,3624
429,-1289,3766
-179,-1357,3605
-91,-1114,2859
-74,-692,2089
-69,-344,1435
52,-20,750
-18,45,645
240,-9,626
344,-13,443
450,12,-181
895,283,-1151
1280,894,-2515
816,249,-2287
258,-1887,2687
-335,-2625,6559
-727,-1521,5014
-134,-696,3686
-69,-652,2975
-40,-759,3082
174,-856,3078
172,-777,2692
262,-750,2586
412,-1004,2795
415,-1670,3539
36,-2124,4821
256,-1956,4857
-192,-1085,2597
102,-468,1225
115,12,467
-201,405,-139
-106,489,-444
100,331,574
-141,30,915
-462,-243,1362
-711,-358,1456
-378,-223,2063
235,22,2460
182,208,2237
-78,215,2215
-138,187,2389
-176,117,2432
-165,21,2323
-186,-5,2507
-40,-23,2362
-77,23,2137
-117,79,1968
-198,39,1992


















-,-,-
8,-27,2080
28,-23,2120
86,-33,2155
43,4,2175
63,-17,2138
128,3,2222
115,32,2218
81,33,2140
105,40,2186
41,56,2154
75,-15,2203
53,-50,2236
12,-46,2130
-16,-99,2062
-37,-107,2009
-23,-150,1919
-177,-421,1648
218,-430,959
1586,475,-1021
1609,804,-3376
444,-972,-825
315,-2859,4130
-224,-2657,5399
-102,-1903,5130
6,-1319,4372
114,-939,3286
-70,-729,2476
84,-889,2192
211,-976,2416
567,-1159,2999
970,-1368,3969
762,-1473,4563
273,-1542,3931
-456,-1263,3018
-766,-881,1926
-304,-516,1179
-205,-165,519
-134,-19,400
275,113,528
416,185,348
450,117,342
472,80,513
539,360,143
686,1117,-525
534,525,-2908
893,-1239,785
909,-2415,5405
139,-1985,5271
-57,-989,3510
-159,-734,2772
-2,-874,2765
-95,-939,2721
-208,-849,2299
76,-692,2191
242,-653,2203
269,-773,2364
55,-897,2454
72,-1021,2652
385,-1197,3485
365,-1453,4874
263,-1562,4807
-45,-1664,3876
-523,-1343,2330
-449,-821,1023
-434,-148,55
-273,238,-226
-417,313,207
-359,131,963
-174,131,1257
-33,171,1715
-146,211,1783
-197,214,1721
-225,256,1774
-197,253,1947


















-,-,-
-6,-28,2149
-81,-12,2189
-95,-9,2142
-88,-37,2181
-57,-68,2180
-120,-55,2145
-47,-21,2197
-17,-7,2183
5,-3,2140
-34,-33,2179
2,-69,2248
-6,-57,2209
-56,-58,2184
-59,-98,2164
23,-108,2136
40,-214,1999
121,-359,1576
433,-326,696
1230,135,-1474
1186,459,-3005
511,-330,-785
439,-2489,4575
-584,-3003,6445
-924,-1777,4790
-586,-916,3521
-65,-727,2921
90,-603,2870
62,-745,2853
-138,-940,2809
-168,-914,2644
114,-920,2968
598,-995,3637
771,-1089,4151
435,-1307,4307
59,-1013,3104
-335,-462,1173
-437,-33,56
-517,98,240
-417,-171,182
-202,-19,449
143,-90,799
370,-50,916
511,96,644
814,402,342
1407,555,-878
816,108,-1177
201,-1508,1536
-444,-2654,5297
-577,-1883,4804
-537,-1092,3896
-307,-844,3247
-386,-877,3072
-333,-939,3000
-226,-890,3055
219,-903,3643
514,-768,4123
498,-794,4459
66,-828,3029
-606,-714,2302
-405,-654,1558
-484,-366,1056
-429,-130,420
-306,154,596
-135,124,581
-66,143,686
-194,159,1230
-57,191,1743
-184,175,1880
-201,122,2070
-293,121,2391
-358,144,2262
-219,198,2163
-230,189,2363
-141,222,2316
-219,183,2188


















-,-,-
-33,-12,2176
-45,-12,2181
-141,-44,2211
-165,-34,2198
-166,-61,2213
-140,-67,2209
-141,-63,2198
-102,-40,2104
-130,-1,2090
-167,-1,2086
-132,-2,2126
-207,26,2062
-107,-29,2079
46,-134,2129
130,-278,1813
441,-383,1004
1034,-30,-984
790,29,-1842
904,-663,-359
576,-1621,3351
-94,-2474,5101
-986,-1874,4728
-316,-1300,3998
-254,-883,3103
-389,-660,2247
-252,-724,2166
265,-936,2545
418,-1110,3154
487,-1214,3507
537,-1350,4064
116,-1528,3954
-467,-1504,3537
-788,-1242,2776
-331,-694,1379
-209,-136,524
64,118,27
29,223,56
252,184,230
514,109,395
495,197,307
567,360,-55
853,727,-583
479,590,-1159
964,-1149,1428
-276,-2376,5016
-403,-2029,4990
-983,-1248,3562
-657,-838,2847
-305,-905,3017
-286,-925,2919
-282,-842,2479
-18,-727,2392
222,-459,2448
837,-860,4097
543,-1392,4986
87,-1770,4439
-494,-1636,2976
-594,-1160,1342
-623,-424,215
-395,-235,303
-460,2,663
-476,46,744
-578,112,1259
-251,283,1703
-142,338,1766
-267,255,1838
-472,183,1710
-413,141,1883
-391,154,1984
-372,155,1934
-344,269,2189
-325,196,2091
-337,179,2174
-384,151,2133
-339,131,2053
