-,-,-
-258,-290,2134
-263,-274,2143
450,250,2187
485,228,2215
414,242,2232
480,202,2125
453,227,2201
413,204,2156
493,222,2111
542,263,1947
606,237,1862
599,151,1635
544,60,1220
652,9,660
508,-23,144
-105,-302,578
13,-779,2089
183,-722,2902
-51,-664,3649
207,-541,4457
389,-455,4624
789,-471,4841
774,-558,4716
751,-593,4179
761,-596,3399
604,-508,2595
621,-446,1811
283,-329,1126
193,-151,671
13,-53,486
-22,-84,181
-162,-11,248
-50,-43,288
263,-22,180
501,1,107
381,-387,1008
195,-744,2062
-99,-1187,3246
241,-766,3634
248,-784,3920
272,-708,4353
389,-539,4118
441,-589,4143
421,-727,4141
497,-728,3924
738,-758,3413
639,-590,2575
460,-397,1655
287,-221,1051
-221,-60,1005
-414,95,686
-455,165,955
-383,217,1223
-55,167,1588
93,309,1802
340,368,1952
332,297,2062
188,333,2181
190,302,2320
443,230,2340
228,329,2164
355,196,2302
171,304,2074
594,232,1890
392,200,2112
350,137,2268
346,111,2292
456,143,2282
305,149,2344
234,182,2282
521,129,2234
383,192,2249
192,150,2207
314,71,2307
371,60,2279


















-,-,-
543,141,2098
514,242,2083
574,186,1905
528,268,1642
494,301,1449
734,193,1228
671,72,328
269,9,-350
117,-535,581
338,-1237,2023
271,-1385,3505
328,-1092,3963
493,-807,3730
478,-587,3593
565,-648,3962
1010,-776,4355
859,-902,4521
817,-881,3962
803,-810,3246
511,-688,2396
450,-484,1705
97,-309,1198
-19,-251,1003
-27,-89,522
-199,50,159
-295,95,173
97,62,272
453,38,293
479,-14,424
489,-280,815
70,-423,1490
648,-1057,2468
570,-989,3294
204,-1086,4259
241,-975,4358
314,-684,3830
261,-591,3672
361,-801,4042
569,-821,3981
875,-763,3535
717,-929,3289
294,-751,2540
216,-417,1762
175,-142,1034
-226,11,822
-193,127,497
-205,196,598
45,109,1318
424,144,1495
251,291,1600
138,117,2164
306,26,2423
323,159,2259
288,158,2316
275,64,2409
426,67,2314
407,82,2214
222,67,2245
375,34,2258
332,69,2161
282,17,2176
379,22,2216
415,81,2196
321,52,2197
350,28,2247
367,20,2259
340,15,2266
308,24,2196
468,19,2212
306,47,2172
365,-11,2242
390,18,2283
359,51,2182
375,5,2260
304,12,2254


















-,-,-
521,75,2193
514,119,2176
622,91,2229
571,79,2161
471,112,2077
546,77,2070
511,77,2130
531,84,2138
429,151,2030
552,74,2039
629,44,1846
508,49,1204
268,38,6
469,-36,-658
-83,-440,536
205,-1455,2873
657,-1510,4081
454,-772,3610
513,-539,3494
772,-591,3909
666,-702,4161
555,-661,3987
645,-586,3605
819,-563,3259
780,-588,2976
596,-588,2566
467,-518,2124
279,-402,1698
185,-300,1210
171,-232,1169
5,-239,967
183,-148,588
1,84,261
171,8,278
378,-32,238
324,-222,562
355,-486,1249
355,-646,1800
100,-1089,3057
228,-975,3630
194,-827,3797
118,-809,4149
-56,-613,3964
403,-673,3822
337,-750,3652
272,-744,3488
492,-698,2980
827,-680,2637
316,-396,1953
220,-316,1697
150,-292,1636
82,-200,1474
-76,-11,1206
-319,91,1068
82,146,1154
255,214,1365
342,166,1588
219,142,1985
403,-26,2172
357,26,2260
187,76,2192
337,-20,2310
540,-29,2334
326,76,2222
358,-13,2396
352,-19,2305
335,11,2143
361,-24,2280
280,4,2170
346,56,2084
362,25,2184
247,12,2202
357,-3,2183
329,-12,2194
236,-9,2202


















-,-,-
402,117,2217
389,116,2181
393,113,2187
421,36,2140
394,113,1999
434,93,1888
446,39,1863
515,-5,1790
490,-96,1581
623,-169,1321
495,-107,708
393,186,400
23,-149,847
177,-522,2249
-84,-773,3148
519,-1013,3925
293,-894,4123
173,-651,3886
241,-532,3666
471,-589,3523
593,-683,3622
796,-720,3460
934,-705,2996
544,-654,2571
433,-565,2057
247,-329,1505
57,-206,1146
-99,-162,730
-346,50,352
-291,39,483
95,53,562
379,129,505
347,135,453
408,-77,724
369,-351,1274
293,-603,2026
472,-929,3187
390,-989,3857
26,-966,4125
151,-960,4257
390,-727,3828
260,-665,3632
396,-831,3791
525,-934,3528
468,-765,2761
325,-605,2131
95,-312,1597
23,-123,1033
-260,113,902
-286,234,809
-116,169,1105
-32,249,1230
-92,285,1446
184,197,1828
195,215,1979
259,147,2214
91,75,2337
186,86,2357
186,40,2412
112,18,2420
17,77,2311
183,64,2318
168,25,2229
41,99,2139
243,23,2227
240,28,2256
47,57,2115
281,47,2222
177,57,2149
133,48,2159
153,15,2263
183,42,2226
169,55,2175
137,71,2135
171,30,2239


















-,-,-
397,196,2134
454,185,2238
375,197,2192
439,187,2280
385,353,2233
382,209,2275
314,145,2108
355,129,2138
398,164,2137
390,99,2177
288,170,2090
430,169,2166
444,174,2187
333,213,2208
398,154,-30567
344,208,2091
442,221,2252
418,191,2287
409,154,2195
364,248,2124
411,263,1914
678,185,1378
660,289,598
520,188,65
361,-117,355
536,-654,1380
566,-1090,2998
423,-1182,3384
34,-943,3455
186,-774,3161
520,-602,3062
235,-518,2949
295,-385,2988
847,-592,3531
959,-679,3752
563,-652,3733
863,-755,3568
707,-771,3075
398,-722,2478
55,-598,1907
22,-344,1354
-218,-205,940
-236,-78,586
-266,29,200
11,85,130
459,98,268
600,73,471
630,-71,611
507,-357,870
364,-650,1606
223,-1031,2302
-133,-1160,3450
209,-1047,3909
191,-932,4090
265,-897,4244
362,-753,3997
441,-756,3858
515,-854,3598
647,-803,3241
685,-708,2710
324,-598,2107
51,-396,1573
-161,-211,1095
-227,-154,731
-187,-32,1254
-326,53,947
-85,210,992
304,229,1398
160,148,1775
14,158,1930
197,147,2134
407,55,2429
108,61,2273
-10,112,2303
261,74,2308


















-,-,-
290,78,2155
354,100,2142
365,93,2194
332,68,2148
356,74,2130
369,109,2093
392,99,2027
420,120,1857
459,145,1535
543,186,1120
801,253,538
843,141,-230
-113,-204,165
91,-1007,2258
529,-1471,3534
-20,-1240,4006
-291,-813,3352
100,-509,2770
406,-297,2522
418,-423,2887
681,-724,3577
673,-776,3795
729,-811,3753
856,-871,3539
823,-820,2835
367,-715,2349
202,-646,2005
-242,-312,1202
-319,-153,790
-272,-54,539
-512,74,384
-167,42,492
172,-41,537
439,27,463
234,-60,397
439,-266,925
549,-612,1672
469,-1041,2708
175,-1176,3590
23,-1012,3531
182,-881,3271
248,-686,3020
193,-657,3185
481,-748,3602
534,-873,3807
595,-1045,3947
651,-1104,3545
654,-925,2775
26,-672,2391
-134,-368,1559
-69,-76,987
-226,234,623
-247,346,730
-83,283,1091
84,263,1068
248,284,1556
203,265,1781
278,143,1970
185,169,2268
209,174,2282
227,186,2272
260,197,2259
239,140,2316
172,85,2307
167,135,2247
160,163,2121
238,113,2113
213,99,2065
82,164,2139
396,123,2178
312,160,2150
127,108,2137
186,88,2242
204,109,2179
226,129,2145


















-,-,-
257,166,2110
389,157,2162
308,179,2131
262,166,2196
308,176,2193
297,186,2127
288,168,2104
324,159,2182
307,169,2158
316,171,2108
228,186,2061
298,183,2085
276,173,2099
266,179,2148
316,176,2200
308,196,2178
289,182,2183
276,174,2176
339,186,2149
302,179,2014
483,154,1711
464,246,957
611,235,397
939,44,-285
258,-325,16
-441,-1061,1746
390,-1240,3023
460,-1085,2837
50,-1026,3508
445,-1036,4031
444,-883,4138
377,-680,4179
325,-639,4010
585,-765,3706
575,-786,3275
645,-724,2836
743,-716,2503
517,-618,1881
110,-505,1520
-152,-346,1134
-132,-193,864
-149,-135,866
-526,83,589
-277,81,334
244,95,497
375,12,242
509,-153,441
600,-201,654
846,-608,1399
583,-968,2722
627,-1329,3566
417,-1228,4105
310,-819,4035
443,-595,3701
479,-664,3611
446,-678,3685
534,-686,3522
806,-820,3460
721,-859,3099
209,-691,2553
-14,-592,1996
-20,-372,1386
-213,-179,982
-170,-22,908
-88,129,839
290,131,877
339,151,1291
249,106,1620
529,40,1895
246,-27,2136
185,-16,2228
312,-47,2434
274,-39,2388
289,-22,2313
202,-20,2374


















-,-,-
408,106,2167
387,117,2159
329,169,2140
420,142,2202
340,131,2182
343,126,3176
395,75,2049
407,96,2013
493,144,1669
626,221,842
461,230,-149
296,328,-701
-279,-149,-198
393,-1250,2252
977,-1768,4030
-44,-1365,3375
43,-1011,2814
763,-819,3059
434,-1106,4141
400,-1046,4515
625,-791,4066
593,-751,3626
339,-908,3468
451,-940,3282
533,-799,2763
275,-718,2239
65,-556,1887
28,-408,1438
-163,-214,817
-93,-1,427
101,312,53
197,304,-425
226,277,-328
457,77,140
399,-125,66
240,-500,472
413,-1138,1857
81,-1299,2812
226,-1453,3734
525,-1202,3943
424,-1047,4243
251,-998,4233
643,-850,4207
766,-1053,4300
567,-1103,4020
547,-1166,3544
519,-1056,2842
161,-893,2006
-240,-626,1403
-468,-320,868
-340,2,478
-60,293,442
23,352,640
255,358,1108
389,315,1484
123,266,1762
332,172,2172
236,193,2291
298,167,2272
163,95,2363
198,110,2425
286,116,2222
258,98,2238
104,15,2409
126,40,2215
312,101,2136
194,67,2159
39,72,2160
222,100,2161
406,123,2145
138,155,2014
87,42,2125
332,-24,2333
255,12,2170
108,53,2106


















-,-,-
266,120,2179
346,126,2150
360,95,2149
335,184,1950
435,215,1856
462,217,1708
599,213,1612
635,209,1243
660,179,674
503,249,-103
-27,-162,-79
74,-946,1092
543,-1841,3387
73,-1573,4560
-34,-1069,3819
258,-683,3397
425,-618,3350
382,-825,3773
503,-917,3931
464,-1010,3973
515,-1038,3567
489,-994,3142
550,-815,2391
180,-560,1720
36,-302,1184
55,-126,679
-42,24,568
-97,119,404
-29,127,506
318,164,506
317,196,370
320,-8,402
376,-255,416
287,-378,628
407,-705,1997
335,-1195,3270
281,-1221,4159
-71,-919,4315
160,-667,3949
425,-508,3590
220,-591,3794
394,-809,3970
489,-836,3683
457,-914,3505
124,-1004,3281
29,-750,2337
150,-405,1512
-21,-88,905
-69,91,409
-63,266,577
-19,358,792
-61,291,1057
178,338,1348
279,242,1798
57,170,1985
65,124,2168
231,126,2281
228,159,2334
127,137,2371
130,108,2507
226,128,2309
279,108,2316
69,99,2262
207,114,2143
243,108,2144
212,112,2212
195,123,2228
186,99,2183
173,130,2150
207,110,2226
168,120,2192
79,125,2130
244,100,2191
274,131,2180
124,142,2088


















-,-,-
241,126,2188
251,146,2169
197,160,2173
231,156,2159
265,148,2137
193,166,2132
234,155,2165
293,155,2193
272,159,2128
196,151,2037
327,178,1939
532,192,1560
447,245,1113
476,168,586
277,-167,517
165,-378,804
-61,-740,1238
276,-1081,2650
202,-1040,3056
168,-865,3091
60,-731,3411
132,-683,3618
269,-648,3829
47,-683,3879
276,-793,4002
469,-727,3628
471,-751,3276
389,-768,2952
208,-692,2509
61,-594,2100
-27,-457,1639
58,-307,1245
-96,-94,788
41,53,612
-15,-38,470
13,78,416
202,96,405
424,1,723
496,-147,696
284,-289,982
361,-436,1206
414,-750,1998
165,-880,2811
-37,-1036,3432
67,-885,4059
161,-632,3809
94,-500,3607
-41,-625,3825
202,-728,3974
261,-678,3694
435,-705,3369
376,-746,3112
253,-724,2736
242,-623,2221
176,-422,1678
102,-229,1385
-62,-80,1118
-113,41,1002
-140,119,905
-257,187,1024
-11,210,1254
265,224,1566
275,225,1796
33,222,1965
160,144,2330
378,183,2369
171,190,2333
56,172,2397
282,156,2321
252,157,2214
102,155,2197
248,116,2143
261,127,2074
105,177,2101
219,122,2195


















-,-,-
430,250,2289
437,204,2074
290,206,2070
404,186,2188
379,193,2131
429,185,2009
467,190,1878
441,214,1797
539,232,1473
710,233,1008
672,229,173
294,350,-471
316,-306,208
-133,-1550,1892
731,-1968,3785
-76,-1445,3431
163,-1246,2802
668,-876,3360
669,-988,3438
773,-1099,3875
512,-1032,3787
662,-1076,3710
686,-1190,3662
802,-1388,3745
658,-1344,3394
638,-1194,2556
233,-723,1648
15,-266,744
-88,-29,428
-17,105,661
-37,172,743
-82,224,727
46,169,956
163,194,986
299,151,903
265,92,58
418,81,-786
169,-57,-287
674,-930,1662
595,-1559,3531
-94,-1414,4046
-179,-1378,4319
238,-1025,4205
94,-707,3352
37,-587,3069
173,-558,3215
621,-752,3336
590,-915,3717
841,-1118,4077
996,-1153,3893
848,-1036,2961
275,-859,2398
-269,-575,1435
-589,-295,684
-773,63,100
-189,130,289
114,333,414
16,395,834
5,392,1561
530,252,2141
291,41,2394
-174,186,2227
327,188,2239
524,176,2361
268,203,2198
180,171,2231
314,112,2290
367,78,2258
220,114,2112
181,152,2124
393,125,2175
311,126,2221
189,115,2235
337,156,2225
243,158,2133


















-,-,-
393,100,2158
312,85,2154
389,102,2123
434,125,2151
333,96,2147
387,85,2167
362,110,2178
418,122,2149
347,77,2192
365,69,2199
399,68,2240
323,102,2159
400,99,2047
486,185,1796
610,197,1304
664,362,316
661,197,-640
140,-382,-979
63,-1391,818
300,-1601,2966
576,-1519,3657
426,-1219,3886
439,-817,3713
376,-769,3529
269,-853,3790
354,-916,3691
532,-912,3538
787,-1090,3943
1099,-1220,3950
896,-1221,3377
692,-1141,2492
240,-859,1648
-259,-459,936
-13,-226,559
-114,1,639
-163,91,767
-154,99,867
-80,130,1100
179,81,1223
406,-66,1281
406,-114,622
410,-181,-852
544,-161,-896
186,-622,855
905,-799,3069
186,-1464,4052
-312,-1242,4271
-21,-995,4058
177,-709,3557
54,-607,3363
203,-620,3309
289,-743,3451
466,-943,3771
503,-988,3734
1067,-1017,3685
1022,-1012,3055
254,-921,2271
-157,-716,1716
-273,-439,1260
-287,-170,1013
-292,-43,1053
-247,21,1167
-191,144,930
33,239,1076
408,178,1490
366,130,1633
271,147,1942
240,129,2070
498,-8,2323
405,91,2344
221,150,2212
330,27,2322
288,55,2296
418,74,2288
240,80,2139


















-,-,-
323,37,2167
351,53,2174
367,76,2156
372,48,2155
358,64,2174
378,41,2198
400,27,2220
377,42,2182
340,87,2098
397,48,2098
390,54,1969
411,123,1829
535,122,1460
531,-86,143
333,302,-596
10,-270,-329
504,-1031,1587
741,-1348,2390
524,-1454,3159
223,-1376,3497
169,-1089,3262
201,-1023,3609
101,-936,3392
48,-835,2881
498,-783,3259
764,-1002,3402
727,-1127,3901
1132,-1299,3800
1083,-1378,3634
701,-1387,3162
221,-1051,2307
-290,-586,1043
-388,-118,261
-368,36,374
-234,81,376
-30,112,653
141,177,1178
358,103,1313
489,2,1311
308,15,1052
629,-72,608
695,-162,196
-454,-22,-138
140,-534,1063
647,-959,2729
414,-992,3277
194,-1132,3535
112,-1169,3758
172,-860,3269
24,-730,3194
125,-834,3551
489,-959,3611
774,-1078,4186
631,-1219,4090
791,-1318,3899
486,-1231,3258
200,-960,2437
-1,-645,1769
-268,-344,1175
-146,-135,970
-380,-26,772
-199,29,674
-266,200,841
173,281,1027
504,318,1261
404,140,1896
397,205,1888
501,262,1824
321,196,2126
372,144,2305
436,210,2233
402,178,2252
334,98,2403
204,120,2297
393,154,2180


















-,-,-
365,-51,2235
317,-23,2275
224,-10,2197
342,-56,2255
313,5,2252
312,15,2151
320,29,2063
377,97,1930
411,121,1698
458,113,1439
397,182,849
386,238,11
276,-17,-286
194,-691,548
536,-1424,2451
275,-1513,3068
331,-1326,3469
238,-1177,3494
259,-1040,3514
215,-970,3546
379,-887,3566
466,-971,3698
418,-1109,3610
534,-1189,3472
610,-1239,3417
671,-1168,3026
361,-982,2615
-6,-734,1900
-267,-444,1164
-101,-79,756
-94,155,472
190,135,639
96,90,766
113,190,676
179,84,851
385,25,920
375,-96,541
350,-165,59
235,-63,82
497,-653,1483
741,-1208,3082
-259,-1304,3586
-209,-1328,4244
-23,-1051,4187
47,-802,3734
-87,-731,3643
258,-925,3923
430,-940,3663
375,-971,3296
383,-1093,3194
261,-984,2715
67,-738,2170
-199,-620,1591
-340,-280,1119
-184,192,608
184,237,764
74,125,1193
152,57,1571
301,113,1648
243,140,1684
363,-4,2074
25,98,2025
225,41,2140
298,-15,2322
261,50,2250
136,5,2289
238,37,2182
215,60,2171
209,-15,2242
195,-35,2211
211,42,2137
234,-2,2142
202,-62,2178
97,-24,2171
321,-15,2295


















-,-,-
318,33,2091
362,55,2078
397,39,2178
259,58,2045
303,57,1949
460,70,1814
461,13,1550
439,29,863
385,58,-171
33,43,-654
-31,-702,474
181,-1538,2607
613,-1762,3889
234,-1386,3763
-78,-1149,3569
354,-1057,3420
242,-782,3423
336,-863,3266
156,-902,3285
403,-986,3150
287,-905,2860
532,-947,3069
889,-1131,3458
631,-1069,3393
396,-971,2894
295,-949,2371
-120,-626,1604
-307,-200,813
-228,98,449
6,154,562
-72,153,463
56,138,773
-26,168,902
290,65,1062
390,16,928
338,-158,453
67,-117,-254
65,48,22
716,-751,1802
1019,-1255,3765
-256,-1277,3584
58,-1329,4354
128,-1070,4069
-32,-754,3441
107,-702,3438
299,-806,3431
401,-844,3350
304,-892,3315
581,-1110,3745
654,-1021,3400
398,-948,2923
181,-879,2484
-176,-514,1697
-133,-222,1017
-13,-40,760
-176,78,723
-288,41,837
154,196,1046
296,228,1078
287,164,1580
283,179,1797
316,109,1953
294,65,2279
396,90,2340
362,103,2374
265,130,2350
232,63,2434
350,79,2315
232,134,2135
117,88,2220
252,60,2217
387,105,2112
282,126,2033
197,5,2175
247,26,2208


















-,-,-
307,58,2095
306,82,2060
350,99,2103
320,88,1911
397,108,1753
418,91,1623
433,49,1250
336,14,703
243,-103,153
256,-214,172
283,-790,1255
375,-1232,2577
350,-1225,3038
212,-1289,3487
30,-1099,3445
194,-829,3370
329,-916,3971
270,-1060,4324
405,-1123,4260
359,-1130,3906
328,-1240,3619
388,-1169,3150
208,-805,2315
251,-470,1753
203,-324,1311
-98,-189,1060
-69,9,653
-16,94,336
-6,39,360
-52,0,48
48,48,-62
571,-23,153
556,-110,296
248,-327,526
418,-791,1828
196,-1003,2537
-5,-1151,3276
-76,-1459,4214
-267,-1127,4070
197,-783,3580
249,-766,3619
127,-876,3738
332,-991,3841
241,-980,3515
274,-1039,3285
47,-1115,3001
3,-925,2508
-120,-699,2003
-86,-507,1510
-272,-265,1070
-296,-90,955
104,79,777
87,189,820
298,78,1237
299,93,1466
286,54,1836
126,44,2020
283,26,2249
240,-4,2242
126,5,2327
277,-29,2413
226,-9,2315
208,21,2232
97,-21,2297
207,5,2283
110,25,2165
155,0,2199
71,4,2213
171,7,2088
114,12,2176
127,-47,2272
179,-9,2198
153,64,2097
104,-20,2191
214,-51,2356


















-,-,-
219,96,2175
247,96,2217
279,91,2232
216,75,2182
235,78,2205
111,157,2207
361,168,1994
319,143,1846
326,120,1598
409,64,1280
535,12,707
452,32,-126
47,93,-502
-12,-466,909
297,-1414,2655
661,-1510,3817
156,-1209,3822
-101,-946,3609
204,-868,3572
268,-880,3801
115,-814,3951
272,-790,3961
535,-946,3914
490,-1081,3828
441,-1052,3319
462,-879,2538
278,-657,1752
8,-412,1096
-21,-170,686
-116,3,269
45,60,72
30,-54,15
112,-5,12
489,-27,-85
569,-193,26
425,-257,221
283,-657,1469
-100,-1227,2681
421,-1182,3543
12,-1060,3929
-62,-1051,4076
96,-828,4032
167,-652,3654
211,-712,3768
361,-855,4004
403,-937,3669
332,-884,3242
296,-869,2778
-34,-694,2113
37,-513,1553
30,-371,1308
-109,-229,1145
-97,-194,989
89,5,993
-26,223,855
123,120,1384
364,41,1638
302,-7,1915
334,-36,2095
299,-13,2231
188,-30,2185
220,-29,2231
364,-44,2409
181,-89,2395
201,-28,2229
285,-69,2302
229,-70,2211
121,-52,2182
90,-55,2210
365,-139,2292
146,-93,2181
173,-45,2122
260,-12,2089
336,-39,2247
190,-47,2165


















-,-,-
350,24,2212
291,71,2197
257,22,2229
318,53,2226
350,71,2244
427,82,2153
377,56,2062
340,65,1974
420,101,1702
585,163,1376
504,73,791
367,7,-22
20,100,-576
394,-117,92
494,-1084,2005
745,-1613,3925
150,-1249,4018
-238,-900,3624
52,-780,3508
37,-653,3441
308,-811,3881
448,-932,4023
404,-1015,4051
681,-1040,3849
392,-1022,3212
259,-929,2637
126,-701,1905
60,-446,1237
100,-270,851
131,-71,521
52,33,138
129,10,44
87,39,-14
350,11,-66
696,-99,-76
382,-158,48
280,-671,1202
353,-1317,2620
243,-1398,3321
-97,-1434,4123
-140,-1259,4436
13,-960,4050
315,-953,4241
181,-1100,4304
235,-1085,4079
298,-1174,3702
247,-1269,3353
-155,-1037,2431
-161,-685,1618
84,-371,964
-116,-87,309
217,227,311
549,214,450
226,100,1023
169,-43,1361
362,4,1724
223,39,1948
187,-75,2248
72,-57,2407
113,-51,2340
314,-92,2499
72,-130,2572
-145,-105,2451
-85,-96,2424
21,-94,2426
40,-147,2504
-63,-86,2299
140,59,2215
82,143,2127
76,62,2135
169,40,2222
112,58,2150
182,-45,2123
215,19,2165
162,0,2078


















-,-,-
268,200,2304
266,137,2388
421,140,2247
342,224,1936
282,249,1794
489,230,1583
380,270,1358
406,171,1210
458,88,938
415,-8,401
516,-176,-155
-223,-233,80
-141,-954,1658
521,-1539,3759
351,-1334,4274
-280,-852,3618
80,-734,3532
305,-956,4064
352,-1021,4031
442,-1069,4096
628,-1139,3962
608,-1092,3427
419,-979,2976
268,-797,2310
279,-651,1786
-72,-283,1198
-99,-64,622
-46,171,375
127,241,153
226,33,140
-14,-12,141
380,-46,200
689,-40,15
313,-267,77
110,-715,1187
-14,-1392,2283
165,-1463,3618
-200,-1566,4869
-21,-1099,4425
87,-751,3924
215,-875,4022
293,-946,3905
317,-999,3651
611,-1033,3470
419,-853,3120
77,-777,2203
-125,-647,1601
-131,-361,987
-337,-60,598
144,59,516
210,-45,773
133,-171,1427
203,-143,1696
29,-96,1787
180,-123,2152
157,-73,2193
197,-41,2264
234,-14,2213
289,-114,2344
169,-121,2361
17,-47,2222
229,-99,2257
92,-118,2268
41,-116,2199
215,-151,2295
190,-115,2193
240,-78,2224
283,-161,2302
113,-108,2127
151,-113,2104
250,-185,2333
226,-107,2190
152,-28,2078
243,-25,2097
311,-93,2179


















-,-,-
319,34,2209
304,5,2259
139,39,2158
229,16,2187
360,32,2248
228,43,2221
205,5,2238
272,-24,2304
321,37,2250
243,60,2134
279,53,2000
346,110,1788
350,126,1558
344,133,1334
393,26,1082
253,-101,444
152,-284,-45
377,-350,251
560,-916,1185
533,-1734,3665
500,-1760,4659
-51,-957,4071
44,-671,3578
298,-720,3717
519,-805,4068
679,-1006,4446
937,-1197,4262
658,-1270,3782
488,-1181,2924
253,-907,1996
-20,-530,1082
-24,-200,559
-109,-75,233
50,9,-228
105,156,-451
54,202,-439
329,130,-191
262,-1,-198
200,-398,464
280,-944,1641
-201,-1446,2347
204,-1608,3519
239,-1298,4277
122,-1199,4582
27,-1288,4993
153,-1107,4669
286,-1106,4349
338,-1245,4064
389,-1288,3609
59,-1019,2547
220,-758,1832
-142,-421,1161
-173,-125,498
-40,42,472
-203,-8,700
1,-3,930
48,164,1132
80,142,1462
124,44,2067
44,145,2090
256,25,2270
154,-27,2491
2,47,2305
130,35,2327
220,-32,2367
162,-1,2290
128,26,2205
107,68,2075
294,-10,2233
166,-24,2279
51,19,2077
207,43,2075
248,-15,2228
142,26,2110
14,10,2161


















-,-,-
372,10,2184
300,-2,2198
316,-3,2259
407,12,2191
277,72,2061
302,12,2192
377,-33,2187
304,29,2127
297,13,2195
390,-4,2213
319,33,2210
382,-15,2210
314,-58,2049
374,17,2197
435,33,2117
376,88,1962
466,84,1777
439,126,1169
444,227,177
408,220,-723
86,-416,11
179,-1339,1838
718,-1793,3540
271,-1392,3690
-314,-960,2920
222,-765,3009
620,-1105,3713
315,-985,4183
607,-980,4030
655,-1114,4576
548,-1305,4163
232,-1117,3264
115,-976,2584
249,-844,2091
38,-601,1335
-76,-290,672
159,-77,149
210,165,-239
13,234,-452
139,116,-317
465,27,-227
290,-186,-119
157,-459,569
270,-922,1481
198,-1377,2980
-16,-1391,3724
49,-1291,4391
-56,-1156,4586
148,-859,4195
259,-789,4045
358,-902,4075
455,-1030,3927
364,-1121,3526
392,-1111,3158
-134,-976,2266
-423,-727,1592
-170,-348,1039
-160,-62,585
10,166,389
35,191,527
19,43,1169
130,92,1368
294,79,1669
199,25,2129
-73,47,2045
214,11,2323
344,-82,2542
70,-29,2325
83,-44,2399
285,-68,2473
92,-29,2148
40,-56,2253
65,-34,2104
346,-52,2152
190,-22,2156


















-,-,-
299,75,2111
281,41,2149
333,4,2125
294,71,1968
315,156,1792
399,173,1657
446,119,1442
571,33,1226
474,5,513
-97,121,-130
126,-129,65
672,-787,1142
627,-1514,2779
339,-1860,4284
-230,-1525,4470
168,-929,3635
214,-559,3223
296,-791,3707
478,-1012,4088
500,-1087,4123
493,-1164,3835
514,-1115,3392
294,-940,2430
229,-699,1715
-66,-398,1001
-175,-177,462
276,-78,235
190,39,2
157,219,-35
325,123,197
472,47,261
185,-129,272
290,-345,727
283,-667,1669
615,-1177,2752
421,-1245,3482
-298,-1137,3629
369,-1130,3834
265,-867,3417
60,-932,3751
398,-904,3858
786,-977,3974
520,-1065,3879
287,-1076,3264
450,-972,2838
37,-758,2015
152,-473,1351
-35,-239,869
-3,-81,767
209,89,528
76,151,723
109,18,1233
66,-32,1447
169,38,1785
48,0,1963
219,-72,2290
140,-67,2306
191,22,2260
205,-105,2444
336,-203,2563
187,-114,2387
101,-83,2225
271,-148,2394
206,-165,2416
221,-105,2252
148,-78,2127
201,-96,2209
181,-103,2164
172,-109,2127
31,-107,2127
257,-141,2259
162,-93,2095
184,-47,2049
115,-116,2137
239,-119,2163


















-,-,-
318,-36,2014
301,-64,1930
281,-104,1838
339,-112,1683
443,-166,1412
250,-148,819
-49,4,27
20,170,-402
878,-385,510
560,-1541,2766
319,-2034,4858
-114,-1018,3701
-59,-595,2652
456,-487,3066
354,-748,3386
782,-1029,4490
792,-972,4469
728,-1142,4197
278,-1306,3832
307,-1089,2877
579,-838,2012
389,-657,1592
-105,-433,990
155,-104,488
290,102,3
151,112,-261
-104,228,-236
77,185,-343
320,-10,-349
137,-343,151
-13,-821,1043
257,-1431,2673
335,-1547,3383
-340,-1237,3633
-86,-1063,4389
214,-979,4251
219,-800,4304
368,-804,4254
498,-888,3983
239,-951,3609
487,-1064,3144
510,-1065,2734
-134,-833,1962
27,-658,1685
-245,-264,885
-14,80,670
-245,210,462
-120,58,766
-154,116,974
162,98,1266
110,45,1758
-62,45,1869
202,-43,2033
287,-67,2481
-15,-33,2348
161,-64,2472
155,-116,2575
-16,-148,2518
23,-38,2204
128,-13,2210
197,-92,2239
37,-118,2360
-80,5,2240
201,-57,2146
124,-80,2182
-85,-126,2232
59,-86,2143
151,-55,2078
155,-132,2218
174,-117,2225
54,-51,2144
207,-59,2185
133,-94,2224
-6,-97,2215
179,-79,2161


















-,-,-
261,-11,2233
214,37,2094
165,36,2117
198,11,2171
350,-20,2104
280,19,2144
227,9,1928
256,-5,1804
359,15,1542
456,-55,1053
343,-58,116
141,59,-834
129,-285,-102
304,-1320,2412
546,-1672,3960
148,-1291,4160
76,-1158,4323
35,-1010,4308
326,-902,4269
558,-926,4405
320,-1069,4207
467,-1181,3677
350,-1157,3031
201,-989,2296
-134,-778,1624
-33,-527,1099
72,-221,507
-99,-49,-18
109,145,-453
69,236,-427
445,149,-289
389,22,23
230,-368,500
240,-660,1260
-12,-1147,2010
236,-1383,3022
98,-1128,3568
-18,-1009,3939
21,-889,4334
44,-873,4481
105,-839,4370
247,-893,4190
259,-1021,3834
215,-1008,3159
162,-881,2416
-213,-713,1622
-292,-546,1183
-350,-292,707
-11,58,501
115,158,582
-232,162,529
-27,63,1369
250,-65,2056
243,-61,2082
-91,-158,2322
32,-151,2514
215,-115,2461
-2,-119,2345
171,-159,2472
-19,-126,2272
-42,-71,2158
282,-79,2347
-69,-126,2205
-148,-103,2097
173,-96,2195
149,-57,2107
-132,-119,2148
93,-113,2279
-48,-22,2071
-166,-82,2191
-240,-86,2168
-56,0,2194
37,-58,2140
-191,-88,2255
-288,-42,2181


















-,-,-
276,-57,2221
301,-49,2209
148,-24,2199
244,-45,2252
373,-57,2296
318,-15,2201
204,-24,2167
202,-67,2169
331,-37,2130
318,7,1922
251,-63,1702
404,-20,1196
427,30,316
217,154,-737
-69,-90,-869
426,-922,1227
892,-1713,3420
207,-1727,4248
-412,-1249,3855
-94,-1089,4041
264,-886,3965
440,-837,4080
420,-915,4191
378,-1061,3930
504,-1065,3659
200,-1072,2912
238,-946,2362
-4,-815,1759
-5,-481,1195
219,-172,712
225,1,141
251,196,-89
239,86,-76
97,72,-317
390,-82,-79
203,-347,2
-338,-751,431
467,-1217,1797
540,-1392,3014
457,-1495,3679
-168,-1328,4339
623,-1193,4669
455,-817,4194
423,-901,4403
769,-1219,4934
953,-1368,4546
180,-1456,4029
118,-1197,2607
97,-674,1026
23,-228,-47
-99,36,-394
-97,-119,76
-368,-274,734
-427,54,1147
129,176,1576
-2,-214,2353
-308,-127,1858
439,172,1958
330,-30,2185
115,-104,2403
142,108,2158
134,-104,2424
192,-185,2650
-78,-60,2244
177,-64,2185
252,-183,2643
-91,77,1959
44,-93,2025
309,-155,2518
67,-6,2083
-106,-183,2261
219,-128,2492
104,79,2023
286,-44,2220
108,-163,2471
