-,-,-
691,2021,312
696,2001,289
701,2034,314
708,2016,323
686,2043,311
703,2005,315
702,2036,326
669,2012,332
674,2010,332
693,2000,312
687,1982,319
706,2008,310
712,2013,289
712,2000,296
715,2011,299
726,2078,317
704,2045,313
705,2027,348
761,2076,334
717,2069,355
716,1999,358
727,1985,358
717,1972,399
689,1872,394
643,1748,480
537,1639,532
389,1324,705
137,837,850
-116,340,553
-346,84,16
-579,198,-386
-675,985,-728
-632,2840,-921
-228,4720,-686
208,6083,-217
497,6198,200
541,5118,229
347,4527,141
21,3714,54
-215,2680,100
-327,1889,147
-292,1183,268
-224,517,367
-132,117,265
-76,-69,300
-37,-90,308
-103,-91,211
-76,111,283
-156,393,239
-264,1044,-100
-298,1949,-334
-177,2924,-608
-103,3671,-605
14,4554,-683
222,5274,-435
367,5196,-249
388,4678,76
207,4309,420
-63,4166,382
-227,3377,169
-328,2351,76
-334,1442,-49
-271,712,-250
-64,106,-242
148,-266,32538
329,-107,-41
595,831,-99
562,1027,-122
691,1647,76
820,2047,201
880,2202,322
975,2330,143


















-,-,-
620,1997,699
606,2025,652
623,1980,528
684,2016,429
678,1919,405
726,1898,398
742,1924,375
767,1913,350
779,1919,400
778,1932,362
774,1944,399
793,1951,393
778,1999,409
768,2022,416
805,1963,382
774,1922,409
779,1966,412
774,1952,405
775,1971,392
782,1977,407
842,2013,414
827,2013,423
796,1951,464
745,1874,453
685,1685,503
621,1591,582
473,1385,686
263,1030,763
10,524,563
-203,-57,296
-472,-397,-265
-584,617,-727
-775,2083,-843
-461,4534,-918
-74,5951,-146
246,6349,438
405,5644,334
291,4686,122
76,3941,-16
-107,2929,190
-271,1923,-18
-229,1052,-108
-160,360,-141
-133,-140,-59
-30,-343,83
-114,-457,207
-176,-153,370
-270,235,318
-437,696,-102
-354,1582,-113
-418,2949,-710
-181,4379,-883
75,5050,-913
229,4862,-442
283,4514,124
148,4129,401
-40,4038,574
-141,3622,394
-197,3103,234
-177,2526,32
-154,2014,-244
4,1530,-611
168,946,-700
307,516,-330
435,492,90
461,798,126
485,978,-38
646,1230,-73
719,1348,-205
853,1562,-180
953,1855,-143
988,1948,-125


















-,-,-
864,1955,346
857,1965,377
830,1918,385
826,1935,351
828,1895,339
836,1926,329
863,1904,315
857,1938,337
835,1928,343
864,1926,348
840,1978,328
843,1958,350
857,1966,350
861,1903,384
837,1892,332
854,1939,322
855,1933,324
861,1945,359
870,1934,395
852,1918,393
870,1861,369
841,1887,359
821,1846,384
820,1853,403
817,1831,415
746,1680,460
644,1526,583
409,1210,776
170,797,766
-116,281,381
-343,-124,-215
-599,-49,-792
-590,1187,-1041
-437,2935,-1248
-340,4254,-1168
9,5408,-339
221,5955,264
238,5640,286
25,4668,-123
-103,3996,-290
-215,3174,-198
-305,2353,-34
-281,1752,-86
-235,1121,-25
-115,541,-119
11,52,-87
110,-259,-24
61,-491,94
-4,-264,236
-101,208,212
-208,727,45
-302,1237,-525
-388,2098,-806
-494,3321,-989
-330,4277,-1515
-151,4734,-1471
134,5012,-847
228,4665,-427
155,4149,-430
35,4077,-237
-126,3620,-248
-123,2951,-340
-123,2136,-334
-87,1438,-490
80,832,-501
210,353,-429
322,462,-443
481,821,-238
621,1155,-128
660,967,-19
865,1197,-77
998,1162,-92


















-,-,-
858,1931,350
828,1948,392
823,1932,321
816,1904,325
831,1938,393
716,1915,314
880,2203,416
825,2014,290
849,2044,272
827,2033,236
830,2104,231
776,1970,282
711,1963,250
729,1919,371
676,1810,206
651,1960,156
646,2040,91
663,2155,155
636,2107,185
633,1977,182
657,2017,157
667,2064,152
678,2075,180
671,1999,125
671,2004,145
669,2040,123
661,1956,130
630,1899,140
552,1854,218
465,1746,175
371,1468,105
168,1020,151
15,640,377
-62,295,756
-29,419,424
-203,835,-73
-584,2031,-530
-723,3716,-829
-649,4173,-919
-483,4469,-280
-386,5166,448
-298,5093,642
-336,4611,394
-407,3952,193
-444,3037,117
-453,2193,191
-418,1370,-52
-259,887,-266
-136,488,-347
-10,-60,-172
57,-421,55
17,-527,147
-99,-383,33
-232,123,-298
-436,1051,-693
-459,2071,-1036
-351,3501,-826
-364,4407,-551
-192,4856,-402
-148,4927,-13
-147,4602,364
-212,4283,364
-247,3948,223
-274,3533,186
-277,2946,19
-273,2497,-404
-214,1935,-629
-89,1271,-739
94,569,-751
194,279,-676
327,413,-658
382,800,-393


















-,-,-
387,2176,13
409,2226,2
387,2272,-99
371,2144,-154
444,2045,-130
482,1956,-34
472,2042,-22
387,2075,-105
309,2195,-173
237,2349,-212
220,2295,-265
235,2307,-78
228,2235,37
231,2125,22
241,1962,12
214,2070,8
203,2116,-31
217,2123,-12
204,2203,-91
205,2165,-91
220,2239,-17
184,2150,-4
172,2195,6
164,2221,34
120,2237,18
139,2223,57
165,2198,40
171,2120,83
166,1985,104
172,1765,106
213,1607,24
175,1281,108
120,675,43
4,113,170
-57,-97,58
-355,402,-392
-1144,1318,-501
-1585,3560,-447
-1688,4416,-446
-1470,5236,-92
-1287,5713,294
-1079,4953,-106
-978,4359,-570
-973,3871,-611
-895,2993,-360
-774,2173,-283
-573,1343,-291
-402,499,-395
-184,-76,-389
-92,-514,-169
-88,-723,69
-188,-495,247
-326,-234,124
-323,-47,-51
-570,544,-150
-1089,2141,-291
-1424,3762,-1160
-1246,5094,-1447
-932,5537,-996
-615,5466,-85
-583,4997,303
-782,4368,123
-883,3877,22
-896,3186,-57
-769,2323,-188
-633,1705,-241
-496,1233,-461
-327,821,-639
-79,734,-572
37,689,-552
212,821,-380
301,1009,-395


















-,-,-
1,0,0
198,2128,188
225,2141,186
203,2135,173
202,2176,157
197,2197,141
204,2210,186
193,2198,162
203,2097,165
193,2162,134
193,2156,133
178,2118,151
197,2114,176
209,2161,143
217,2141,202
178,2145,145
193,2178,136
188,2151,178
196,2168,136
201,2159,150
197,2132,171
211,2202,133
203,2141,151
219,2171,167
208,2161,170
210,2184,157
227,2191,128
225,2183,151
244,2178,179
239,2172,177
232,2081,194
238,2024,229
195,1943,234
191,1828,290
155,1676,379
103,1561,434
31,1102,474
-45,629,301
-209,86,40
-301,-127,-370
-926,101,-646
-1636,2066,-926
-1657,4383,-954
-1290,5863,-482
-846,6738,89
-555,5924,-29
-581,5050,-316
-839,4113,-330
-904,2846,-228
-810,1591,-91
-574,674,-97
-285,-101,-9
-93,-598,90
-23,-853,143
-131,-822,294
-334,-553,314
-584,-337,-334
-629,439,-921
-1109,1385,-773
-1510,4084,-1377
-1323,6215,-1301
-947,5866,-519
-660,5202,287
-751,4526,114
-828,4121,-177
-838,3383,-173
-830,2762,-252
-766,2118,-521
-538,1644,-1017
-302,1164,-1114
-54,632,-936
79,129,-565
204,674,-261


















-,-,-
175,2101,69
208,2096,106
196,2151,72
197,2191,104
187,2214,109
184,2193,111
175,2177,87
182,2175,117
176,2170,81
171,2142,9
179,2165,41
216,2178,59
223,2164,63
185,2154,54
189,2200,75
172,2155,70
192,2146,92
193,2151,42
189,2181,69
183,2165,70
201,2174,45
213,2205,45
201,2229,65
183,2076,89
178,1897,65
112,1564,19
65,1055,86
-34,504,230
-152,-223,910
-456,-477,1136
-887,-82,-197
-1441,1178,-1178
-2160,3841,-1217
-2185,6795,-1056
-1504,7436,-180
-938,5751,-125
-870,4683,-84
-1075,3807,-148
-1074,2816,-112
-930,1875,-118
-683,876,-151
-393,203,-67
-203,-303,-142
28,-419,-54
7,-760,108
-110,-640,66
-176,-189,29
-479,-44,-625
-898,1328,-379
-1262,3245,-1092
-1180,4540,-1317
-854,4945,-849
-698,5206,-435
-499,4777,-126
-530,4314,-1
-629,4026,-56
-674,3389,-106
-674,2603,-188
-517,1870,-277
-368,1272,-576
-227,1093,-669
-70,1171,-612
17,1242,-399
147,1137,-149
201,1248,-103
282,1350,-170
350,1382,-169
415,1466,-218
460,1667,-124
456,2021,-97
453,2091,-79
460,2199,-165


















-,-,-
14,2152,-163
27,2198,-163
8,2030,-78
-29,2096,-109
-4,2214,-139
-24,2157,-130
-33,2147,-214
-24,2172,-251
-19,2178,-231
-41,2115,-225
-56,2124,-190
-76,2147,-177
-68,2178,-167
-72,2127,-216
-3,2232,-295
-21,2354,-253
-37,2348,-230
-51,2324,-242
-112,2158,-175
-176,2144,-168
-232,2117,-185
-217,2066,-142
-203,2013,-145
-152,2064,-132
-145,2165,-158
-103,2169,-175
-105,2266,-226
-82,2153,-246
-62,2139,-213
-97,2189,-213
-101,2157,-215
-96,2097,-251
-96,2019,-218
-65,2159,-301
37,2249,-424
141,2617,-464
200,2765,-457
252,2950,-228
182,2903,146
77,2658,287
-39,2457,210
-59,2275,174
-51,1871,37
98,1705,-44
169,1633,-164
144,1625,-194
43,1311,-201
-16,1380,-449
-108,1657,-536
-86,1605,-319
49,1756,192
81,2000,471
78,2489,611
156,2856,283
281,3071,35
310,3021,-9
292,2582,-43
275,2323,-127
279,2126,-85
290,1999,-51
329,1966,-60
378,1900,19
423,1828,138
321,1729,265
172,1379,636
80,788,856
-79,79,1187
-309,-308,1362
-749,-147,739
-1149,521,-682
-1192,1656,-2398


















-,-,-
293,2429,-289
267,2495,-262
356,2475,-306
446,2234,-181
445,1870,-23
423,1802,204
358,1918,112
359,2066,129
375,2054,32
398,2031,65
427,2102,59
455,2222,57
443,2139,32
436,2087,-27
453,2111,5
433,2138,79
436,2082,24
482,2148,61
472,2117,51
470,2168,46
485,2165,66
479,2111,85
471,2040,88
505,1971,216
363,1773,315
210,1474,551
7,862,1158
-274,-212,1315
-643,-830,578
-1108,-245,-594
-1346,577,-2049
-1682,2374,-2703
-1471,6352,-2227
-758,7431,-1022
-228,6102,-182
-193,5202,-443
-369,4702,-181
-707,3183,-159
-710,2282,-32
-730,1114,-35
-604,244,-199
-379,-255,-171
-267,-714,-119
-231,-892,-19
-260,-562,34
-322,-213,-230
-567,142,-889
-802,1542,-946
-996,3514,-828
-1027,5237,-928
-692,5817,-859
-375,5535,-251
-351,4736,226
-614,4068,42
-681,3659,-6
-692,3119,-69
-778,2456,-493
-616,1825,-782
-388,1162,-1060
-138,587,-1091
173,129,-771
262,254,-418
239,1013,-256
237,1324,-431
339,1498,-414
303,1836,-194
354,1995,-192
436,2088,-221
453,2167,-244
440,2278,-382
473,2272,-434
495,2219,-414


















-,-,-
433,2060,-53
448,2063,-59
433,2118,-32
406,2123,-45
411,2096,22
423,2105,-35
424,2129,-38
404,2101,-37
427,2087,-26
412,2073,-46
422,2098,-47
430,2159,-48
453,2164,5
443,2103,-42
439,2181,-70
466,2211,-28
460,2171,68
446,2117,87
421,2019,165
403,1861,175
352,1723,322
247,1456,548
4,852,822
-174,58,984
-477,-367,414
-787,363,-391
-1124,1047,-1773
-1187,3082,-2287
-758,5566,-1726
-412,6222,-632
-260,5470,67
-265,4350,-57
-374,3877,-230
-547,3322,-178
-594,2606,-216
-499,1886,-59
-389,926,39
-234,273,167
-135,-65,335
-41,-254,463
-114,-416,336
-222,-406,-105
-302,-82,-643
-548,388,-1278
-679,2400,-888
-951,3165,-1384
-821,4469,-1394
-775,5379,-1427
-373,5028,-718
-295,4486,-144
-463,4086,-94
-554,3974,-90
-620,3233,-146
-587,2500,-105
-518,1613,-132
-411,1145,-276
-189,749,-247
-50,216,-529
232,485,-695
385,829,-891
491,1087,-736
463,1450,-624
539,1877,-627
594,1890,-490
556,1983,-442
132,2163,-433
639,2178,-445
634,2168,-439
641,2202,-466
649,2162,-521
629,2070,-466
613,1959,-469

















-,-,-
377,2137,214
364,2113,223
391,2116,214
366,2117,207
371,2076,226
326,2068,195
364,2130,200
349,2088,201
353,2100,182
380,2149,205
349,2150,196
348,2164,154
355,2118,196
366,2117,189
369,2114,169
360,2111,182
378,2137,162
369,2128,189
385,2099,213
374,2124,171
389,2128,202
361,2161,218
389,2152,189
392,2172,207
400,2243,241
387,2202,347
315,2036,430
252,1632,453
205,1139,690
-1,667,981
-123,268,1050
-291,315,776
-510,490,-560
-737,1318,-1342
-685,3255,-1756
-458,4282,-1435
-285,5156,-572
-76,5399,186
-69,4857,143
-195,4298,138
-403,3638,4
-403,2922,-11
-386,2016,131
-305,1230,199
-142,652,118
-23,264,69
79,15,29
36,-307,-20
-111,-317,-81
-214,-159,23
-375,94,-159
-655,934,-56
-929,2213,-346
-971,3953,-754
-956,5034,-882
-515,5604,-329
-291,5091,300
-301,4555,328
-374,4230,83
-462,3731,-26
-591,3103,-134
-512,2455,-289
-462,1798,-506
-306,1098,-555
-80,563,-619
128,216,-405
287,317,-327
510,838,32646
492,1055,-32
521,1527,-32
502,1992,-109
560,2235,-208


















-,-,-
461,2128,195
441,2131,225
443,2034,161
440,2124,136
448,2116,164
440,2115,195
438,2066,194
430,2087,169
458,2117,184
446,2110,185
453,2082,169
451,2141,193
432,2122,200
447,2162,132
450,2201,135
475,2218,183
473,2249,181
475,2196,212
489,2059,251
486,1922,339
449,1743,362
424,1559,424
322,1352,671
156,1070,920
-57,683,853
-288,242,560
-460,-118,-183
-720,667,-1073
-1120,2154,-1603
-1030,4081,-1651
-658,5382,-897
-320,6158,66
-245,5360,11
-291,4704,-148
-413,4013,-209
-485,3164,-147
-526,2074,-157
-430,1413,-53
-295,573,-84
-130,-40,-23
-26,-390,114
19,-592,60
-61,-518,78
-210,-230,-98
-438,396,-408
-662,1091,-617
-765,2561,-757
-809,4065,-1075
-518,5214,-838
-309,5345,-411
-243,4972,151
-334,4328,110
-400,3890,125
-443,3487,119
-496,2800,122
-413,2127,-179
-287,1710,-455
-173,1184,-652
5,722,-711
195,454,-447
276,663,-324
336,1161,-356
367,1331,-243
410,1781,-313
461,1961,-224
507,2050,-245
563,2109,-290
628,2191,-294
610,2214,-261
626,2158,-255
605,2109,-291
603,2105,-260


















-,-,-
419,2079,232
410,2137,222
405,2118,268
405,2083,236
399,2096,230
402,2149,242
410,2121,244
436,2100,258
434,2151,266
437,2156,243
412,2101,251
416,2108,235
423,2088,234
419,2137,216
419,2128,241
418,2130,268
427,2114,240
429,2145,237
417,2154,265
420,2148,275
396,2068,318
419,2023,317
392,1889,344
372,1826,406
291,1639,469
189,1453,792
9,940,976
-114,550,1022
-357,253,589
-601,281,-143
-986,683,-1367
-1302,2483,-2042
-1085,3887,-1886
-728,4685,-1041
-562,5270,141
-558,5197,362
-612,4669,-166
-641,4253,-358
-710,3491,-343
-702,2568,-180
-678,1502,-163
-476,755,-154
-285,128,-73
-176,-160,178
-113,-349,82
-110,-342,4
-206,-297,-226
-337,-9,-541
-560,1149,-601
-906,2457,-832
-992,3902,-1192
-798,5110,-1135
-588,5361,-327
-489,4937,134
-506,4328,240
-623,4018,222
-650,3448,218
-639,2709,91
-566,2081,-266
-416,1608,-657
-249,1266,-824
-64,1006,-758
131,500,-640
363,487,-508
472,933,-353
505,1137,-441
584,1264,-355
649,1622,-188
635,1870,-152
694,2165,-327
716,2142,-425
746,2133,-399


















-,-,-
283,2003,472
291,1964,406
320,2061,393
276,2077,331
311,2211,234
340,2272,206
389,2265,183
391,2269,59
434,2208,-56
513,2263,-6
478,2178,31
466,2144,47
474,2010,57
475,2094,130
436,2033,102
458,2034,114
446,2084,173
471,2085,208
483,2126,119
522,2192,62
523,2154,162
570,2199,83
609,2145,37
604,2103,106
592,2043,186
513,1814,307
359,1533,386
248,1046,623
33,539,918
-199,-122,1030
-463,-301,985
-711,124,122
-1015,844,-1584
-1560,3058,-2193
-1283,5861,-2003
-636,6771,-944
-250,6071,27
-263,4623,86
-432,4277,138
-640,3454,67
-703,2604,27
-605,1718,230
-484,842,196
-309,262,74
-116,-77,179
-4,-513,109
-27,-940,-16
-144,-1075,-179
-382,-792,-196
-734,291,-561
-1392,1540,-1321
-1478,4516,-1587
-1152,6013,-1299
-532,6211,-461
-215,4998,348
-263,4388,535
-485,4364,328
-592,3600,137
-587,3008,-112
-522,2397,-294
-427,1705,-444
-304,1250,-536
-154,749,-619
15,530,-693
186,643,-395
178,1020,-462
318,223,-412
315,1360,-457
348,1679,-256
363,1950,-248
405,1954,-288
452,2064,-291


















-,-,-
405,2216,-181
427,2190,-252
457,2130,-278
484,2028,-215
480,2060,-228
469,2071,-183
454,2115,-144
411,2085,-91
406,2099,-69
380,2068,-84
385,2114,-137
419,2069,-51
431,2128,-118
440,2168,-141
462,2144,-132
446,2142,-16
401,2030,-82
391,2117,-113
428,2090,-117
426,2156,-134
423,2142,-124
437,2130,-109
419,2094,-103
409,2090,-68
416,2132,-84
412,2094,-130
418,2050,-136
448,2155,-162
436,2116,-150
449,2183,-111
451,2151,-108
437,2148,-46
450,2139,-48
437,2041,-84
441,2017,-137
470,2047,-211
537,2224,-188
507,2288,-157
510,2270,6
495,2081,217
405,1838,455
256,1361,517
147,805,575
-1,461,636
-263,99,244
-280,208,-88
-738,361,-1128
-907,1761,-1392
-976,3241,-1581
-797,4523,-1204
-508,5521,-631
-347,5768,-155
-295,5239,-377
-423,4407,-440
-642,3685,-474
-675,2764,-326
-643,1777,-202
-482,883,-94
-246,249,-54
-47,-114,62
9,-484,-30
-100,-718,-63
-336,-586,-155
-382,133,-266
-720,361,-682
-1017,1215,-858
-1270,2780,-1014
-1365,4778,-1097
-1013,5637,-1102
-559,5274,-517
-351,4763,-256
-522,4400,-282


















-,-,-
345,2114,-133
350,2118,-108
346,2109,-76
339,2145,-41
340,2155,-62
357,2129,-77
347,2144,-95
352,2141,-74
353,2166,-42
356,2088,-93
366,2080,-87
344,2104,-91
366,2127,-80
370,2148,-78
370,2244,-86
405,2221,-32
389,2229,-24
384,2197,-7
371,2064,53
336,1830,99
271,1658,250
144,1291,394
-8,774,445
-203,130,544
-493,-188,426
-689,326,-280
-1103,1162,-1096
-1456,2792,-1941
-1269,5017,-1639
-891,5426,-783
-584,5269,225
-524,4741,310
-618,4494,85
-718,3861,-130
-750,3086,-170
-751,2268,-168
-640,1506,-257
-502,850,-319
-289,108,-363
-110,-191,-207
-41,-569,-145
-92,-663,34
-386,-911,-291
-649,-73,-575
-1096,1237,-1142
-1203,2550,-962
-1257,4352,-968
-1013,5270,-764
-754,5112,-118
-650,4745,182
-640,4409,155
-682,3931,-47
-681,3340,-201
-669,2913,-67
-716,2277,-258
-611,1783,-539
-448,1204,-565
-286,643,-578
-120,393,-551
-20,945,-572
14,1113,-608
67,1385,-597
162,1681,-517
234,1945,-376
260,1955,-390
277,2048,-371
302,2160,-445
330,2239,-452
305,2350,-397
256,2405,-335
266,2268,-397
282,2090,-433


















-,-,-
240,2156,-91
257,2140,-144
268,2092,-52
294,2154,-80
294,2111,-82
319,2083,-127
280,2098,-88
287,2091,-91
294,2110,-45
283,2114,-111
321,2133,-109
329,2138,-114
295,2184,-71
293,2141,-30
299,2142,-59
286,2128,-18
298,2102,-74
282,2187,-71
316,2205,-70
322,2168,-69
308,2195,-19
288,2147,76
243,1969,200
174,1744,332
96,1439,619
-124,960,871
-291,217,753
-528,-236,532
-869,-322,-650
-1168,1088,-1644
-1689,2776,-2513
-1466,5293,-2081
-889,5999,-796
-563,5637,61
-493,5020,-137
-609,4760,-233
-800,3660,-272
-796,2688,-215
-788,1595,-186
-640,768,-326
-435,-95,-394
-186,-468,-144
-119,-900,52
-181,-866,226
-408,-778,-44
-694,-2,-554
-1052,932,-1420
-1317,2318,-1290
-1494,4501,-1505
-1212,5801,-852
-996,5694,-162
-800,4977,241
-848,4332,152
-870,3797,165
-879,3080,105
-913,2457,-182
-834,1837,-622
-665,1200,-1002
-387,682,-1060
-191,366,-918
-50,734,-658
7,1059,-700
152,1179,-548
219,1331,-803
213,1663,-400
207,1921,-402
243,2163,-489
287,2208,-490
262,2291,-472
242,2404,-506
231,2338,-499
246,2235,-517


















-,-,-
217,2152,-52
232,2126,-53
206,2115,-87
215,2125,-63
225,2140,-60
224,2112,-95
211,2146,-106
196,2145,-51
194,2188,-26
199,2141,-28
224,2158,-55
211,2222,-27
219,2196,-12
230,2171,-25
223,2158,-17
228,2153,-26
245,2167,-37
252,2182,-31
246,2156,-58
274,2150,-105
260,2126,-83
239,2151,-102
257,2081,-19
235,2043,89
179,1926,186
129,1699,331
54,1374,531
-114,658,624
-335,-141,475
-650,-240,-220
-915,612,-971
-1396,2019,-1608
-1531,4062,-1555
-1111,5249,-910
-834,5179,97
-670,4719,525
-640,4301,308
-745,4006,185
-822,3387,-69
-869,2819,-42
-809,2190,-82
-679,1436,-233
-467,645,-412
-193,180,-497
-23,-309,-437
17,-802,-418
-76,-920,-307
-319,-829,-249
-793,167,-346
-1306,1391,-736
-1445,3142,-702
-1598,5174,-1024
-1233,5843,-729
-837,5510,-90
-629,4681,323
-677,4202,444
-780,3847,297
-810,3307,216
-844,2625,7
-827,1885,-304
-681,1381,-427
-509,907,-368
-410,678,-661
-166,607,-824
93,783,-773
248,1028,-599
315,1431,-561
404,1609,-562
446,1762,-431
456,1971,-345
458,2061,-407
494,2185,-368


















-,-,-
-155,229,0
192,2160,-147
207,2162,-98
227,2129,-159
231,2148,-150
210,2134,-151
225,2187,-128
228,2185,-149
255,2146,-154
221,2181,-137
217,2153,-100
242,2125,-141
231,2164,-194
213,2168,-142
233,2154,-132
224,2148,-147
245,2143,-182
258,2148,-148
242,2237,-183
243,2239,-111
225,2213,-151
253,2147,-120
239,2097,-49
215,2001,58
211,1781,222
88,1530,350
-30,939,377
-219,108,493
-478,-397,454
-836,93,254
-1202,854,-962
-1656,2293,-1786
-1587,5007,-1531
-1093,5941,-623
-654,5462,506
-493,4884,493
-525,4498,53
-593,3906,5
-727,2951,-256
-745,2167,-404
-679,1288,-628
-645,422,-864
-410,-272,-701
-228,-687,-492
-219,-830,-173
-336,-829,123
-626,-557,137
-982,396,-294
-1498,1165,-1032
-1809,3279,-1042
-1810,5374,-967
-1473,6109,-615
-1116,6036,285
-1019,4985,637
-1184,4636,187
-1211,3878,-190
-1188,3281,-530
-1208,2492,-991
-1037,1661,-1289
-751,866,-1272
-397,398,-946
-150,84,-685
36,143,-287
118,623,-93
144,1067,-316
374,1258,-329
395,1517,-215
428,1898,-134
375,2102,-350
406,2314,-487
455,2398,-485
433,2313,-435
421,2280,-365


















-,-,-
262,2108,-90
263,2128,-97
257,2107,-105
269,2151,-88
295,2194,-81
302,2199,-70
264,2157,-80
266,2141,-69
277,2171,-29
244,2115,-40
268,2127,-112
263,2155,-84
256,2164,-43
276,2127,-57
252,2143,-83
251,2150,-83
264,2145,-90
280,2141,-88
284,2173,-104
280,2211,-221
320,2293,-437
399,2566,-342
419,2622,-186
399,2442,-12
365,2210,143
302,1952,230
264,1692,339
214,1457,418
177,1121,593
51,738,920
-145,318,1034
-414,2,756
-587,249,-219
-924,933,-1521
-1124,2572,-2144
-997,4416,-1685
-496,5549,-1107
-132,5694,-537
-100,4839,-408
-241,4379,-453
-378,3634,-295
-489,2705,-24
-567,1611,51
-472,811,-43
-308,158,-24
-223,-299,211
-178,-573,192
-285,-562,-55
-460,-354,-225
-612,346,-422
-996,1452,-637
-1006,3186,-1010
-1045,4764,-1339
-527,5662,-993
-225,5270,-212
-165,4686,92
-312,4148,97
-423,3570,-59
-555,2968,-222
-587,2269,-422
-484,1613,-744
-361,1129,-997
-156,878,-996
-6,629,-585
64,536,32342
241,1071,-254
267,1061,-270
328,1278,-149
320,1810,-10
287,2131,-192
377,2245,-375


















-,-,-
363,2156,-52
365,2140,-67
346,2155,-15
329,2121,-23
343,2128,1
350,2155,-53
338,2127,-37
335,2087,-45
351,2145,-60
352,2105,-65
363,2110,-33
333,2114,-36
366,2180,-42
384,2176,-15
349,2139,-20
346,2144,-59
384,2166,-57
374,2197,-47
393,2202,-23
382,2195,0
377,2152,15
362,2025,83
349,1878,136
280,1767,291
171,1514,502
28,1000,609
-170,466,521
-417,196,226
-663,369,-137
-988,1142,-1077
-1155,2614,-1750
-932,4250,-1658
-451,5358,-932
-162,5607,-98
-172,5345,-140
-315,4691,-461
-491,3766,-410
-602,2754,-253
-662,1708,-64
-567,914,-130
-415,227,-99
-278,-336,42
-166,-623,116
-196,-593,298
-425,-528,15
-542,-20,-519
-834,727,-932
-1187,2117,-1303
-1224,4551,-1626
-710,5298,-1125
-400,5273,-403
-292,5008,2
-348,4358,-60
-436,3926,-120
-528,3218,-132
-587,2557,-247
-589,1899,-532
-431,1413,-871
-295,1093,-781
-214,774,-767
9,925,-339
91,1017,-224
183,1115,-217
200,1333,-333
245,1648,-408
285,1875,-315
316,2144,-370
297,2227,-341
359,2324,-328
361,2285,-373
382,2271,-419
367,2138,-359
