-,-,-
614,1776,-709
637,1804,-804
652,1823,-721
683,1889,-745
712,1874,-704
738,1832,-746
760,1888,-657
731,1855,-671
682,1873,-643
676,1821,-711
668,1828,-743
680,1841,-785
732,1834,-727
708,1840,-685
720,1801,-706
731,1794,-704
721,1828,-595
703,1732,-471
664,1636,-199
566,1431,-166
326,1133,-348
107,780,-10
-144,711,502
-294,954,1237
-505,704,1288
-864,741,-1438
-1110,2512,-3570
-820,4374,-4377
-279,3488,-3223
-219,2942,-1822
-257,2502,-936
-242,2540,-714
-398,2796,-1174
-539,3109,-1751
-710,3602,-2356
-835,4219,-2551
-880,4038,-1939
-778,2864,-808
-506,1292,-75
-290,-170,276
-123,-727,360
-24,-711,727
17,-579,711
-9,-185,466
38,427,-12
47,860,-582
39,1198,-840
-162,1665,-1241
-239,1616,-1797
-354,2255,-1839
-710,2526,-2427
-748,2717,-2088
-812,3127,-2385
-872,4008,-2154
-824,3817,-1651
-733,3116,-1395
-665,3315,-1519
-698,3518,-1820
-747,3007,-1822
-635,2120,-1224
-386,1128,-747
-131,887,-470
68,652,-137
141,362,-506
309,606,-685
399,648,-857
478,777,-821
611,929,-819
635,1240,-1008
757,1166,-1064
754,1443,-1052
757,1594,-1205


















-,-,-
715,1767,-510
702,1824,-530
697,1887,-550
683,1939,-621
717,1905,-572
744,1858,-598
778,1823,-644
774,1830,-650
796,1910,-604
784,1895,-597
794,1902,-588
757,1854,-586
736,1847,-367
579,1732,-148
357,1469,84
-76,818,138
-275,67,614
-480,-177,723
-525,-270,239
-1000,224,-1810
-1124,2209,-2564
-1178,4115,-2093
-1256,3710,-2046
-1269,4730,-1734
-1307,5121,-1554
-1022,4007,-902
-967,3676,-729
-1145,3663,-1344
-1274,3241,-1785
-1211,2953,-1879
-1075,2591,-1654
-787,1703,-1050
-402,717,-600
-121,231,-113
58,131,155
112,247,273
313,476,604
399,501,398
421,723,223
302,618,-151
232,1191,139
251,1048,642
200,592,750
-57,562,183
-587,2081,-2459
-560,3265,-3019
-737,3678,-2234
-841,3435,-2108
-663,3154,-1833
-428,2761,-1177
-499,2823,-1359
-645,3423,-1451
-532,3993,-1613
-552,3724,-1885
-627,3795,-1973
-437,2819,-1238
-334,1892,-541
-256,1009,-364
14,542,-93
131,118,-511
388,26,-582
451,552,-579
541,565,-636
585,696,-754
629,983,-920
703,1212,-776
757,1431,-722
801,1494,-878
879,1765,-875
895,1746,-928
988,1784,-911
952,1972,-978


















-,-,-
666,2002,-535
660,2037,-589
703,1959,-507
676,2044,-490
692,1959,-505
699,1936,-440
687,1945,-437
670,1938,-479
682,1944,-476
666,1946,-489
668,1971,-463
638,1919,-447
631,1932,-452
607,1884,-360
570,1771,-207
387,1579,151
122,1045,866
-30,369,1444
-329,-106,941
-366,-610,-311
-1147,949,-2607
-1179,3946,-2614
-1207,3896,-2721
-883,3605,-2115
-688,3302,-1539
-513,2787,-964
-545,2772,-391
-718,2971,-343
-790,3152,-686
-837,3640,-1341
-885,3960,-1972
-855,3784,-2068
-715,3001,-1912
-539,1902,-1327
-375,790,-576
-208,209,316
-136,-64,586
107,119,289
388,69,408
448,392,408
462,630,243
342,1086,3
331,1061,216
298,744,611
92,485,315
-525,1461,-1295
-679,2542,-2157
-886,2910,-2475
-1199,3605,-2724
-998,3293,-2083
-790,2502,-1377
-768,2142,-1334
-627,2191,-1039
-628,2216,-924
-747,2475,-1199
-789,3487,-1490
-842,4237,-2408
-837,4540,-2404
-663,3263,-1832
-455,2433,-1047
-366,1768,-292
-143,710,-52
15,312,-97
197,97,-336
280,276,-547
385,473,-690
526,587,-628
620,943,-722
705,1298,-746
221,1550,-846
862,1573,-729
885,1506,-826


















-,-,-
673,1842,-634
709,1854,-574
662,1904,-494
666,1948,-479
685,1976,-479
685,1964,-426
690,1928,-490
715,2004,-400
685,2097,-430
693,2027,-434
681,2048,-382
700,2033,-402
718,1990,-419
721,2037,-373
710,1935,-337
655,1830,-287
607,1674,-151
473,1574,-99
386,1378,119
347,1057,686
138,929,1581
-245,626,878
-284,285,341
-821,309,-1744
-1274,1648,-2944
-1498,4183,-2624
-1271,3065,-2101
-1310,3426,-1973
-1073,3246,-1563
-953,2842,-1089
-902,2897,-662
-915,2749,-688
-951,2888,-364
-1023,2703,-1055
-888,3139,-1114
-944,3364,-1232
-928,3441,-1422
-726,2599,-1207
-420,1642,-1068
-227,1152,-529
-31,574,18
168,-170,677
240,-198,411
377,150,282
370,405,426
305,553,500
157,973,476
173,1133,502
3,1031,-25
-82,1037,-812
-335,2325,-968
-408,2509,-1258
-681,3020,-1506
-757,3296,-1482
-759,2811,-1349
-807,2748,-1300
-801,2875,-1267
-711,2808,-1084
-755,2937,-972
-751,3121,-1007
-759,3503,-997
-884,3863,-1113
-775,3563,-1210
-613,3321,-947
-333,2297,-1141
-110,1873,-1293
-83,1638,-955
78,763,-370
206,352,-221
396,214,-244
553,277,-354
684,554,-370


















-,-,-
801,1883,-612
790,1847,-527
806,1917,-572
816,2002,-613
841,1867,-521
841,1948,-443
810,1951,-476
823,1894,-441
825,1838,-487
816,1851,-437
793,1832,-482
809,1755,-533
812,1734,-429
799,1685,-432
744,1602,-390
686,1550,-360
583,1450,-312
382,1151,129
121,85,1743
-244,-1015,2011
-1357,-489,-864
-1300,3006,-3143
-966,3838,-2770
-869,3163,-1665
-995,3264,-1483
-932,3349,-1544
-872,3236,-1467
-774,2981,-1362
-671,2890,-1247
-690,2960,-1386
-669,3021,-1511
-699,3188,-1647
-723,3086,-1654
-703,2928,-1466
-579,2188,-930
-264,1144,-352
-82,459,-67
107,498,-104
352,581,-31
499,724,10
545,809,-293
670,1050,-393
687,1202,-100
660,1136,246
583,1066,402
552,892,661
380,336,777
111,54,971
-772,133,-580
-1221,1937,-3688
-971,4409,-3320
-928,3769,-2226
-790,3144,-2513
-419,3369,-2084
-338,2903,-1758
-269,2532,-1790
-198,2784,-1634
-270,3297,-1438
-335,3577,-1660
-297,3461,-1545
-218,2496,-1273
-4,1478,-869
121,551,-758
220,81,-613
173,211,-860
291,426,-1195
414,290,-1140
491,516,-958
558,950,-991
715,978,-903
827,1022,-946
903,1091,-843


















-,-,-
792,1786,-694
804,1789,-765
820,1793,-776
819,1766,-699
817,1738,-736
845,1709,-696
832,1841,-690
792,1861,-786
820,1809,-789
823,1760,-685
845,1758,-686
847,1761,-627
834,1878,-637
815,1887,-675
797,1815,-710
774,1739,-684
733,1632,-656
684,1562,-557
577,1454,-350
392,1352,213
350,886,1452
127,-1053,1423
-338,-1778,293
-1437,866,-1270
-1784,4510,-2055
-1748,4075,-2973
-1378,3361,-2882
-918,3425,-2442
-633,3185,-1591
-562,2739,-974
-598,2647,-1053
-612,2825,-1384
-712,2839,-1723
-860,3292,-1862
-971,3450,-1710
-863,2907,-1502
-518,2094,-1274
-197,1318,-739
9,953,-75
160,933,279
364,433,127
604,395,111
656,592,205
639,824,186
656,1027,108
591,808,69
518,868,198
347,822,364
246,793,504
-25,213,-57
-784,1294,-1320
-692,2122,-2236
-729,2777,-2096
-840,3484,-1848
-745,3288,-1629
-672,3267,-1469
-497,2927,-1427
-405,2866,-1262
-359,2845,-1256
-277,2944,-1178
-319,3145,-1174
-502,3757,-1526
-722,4317,-1951
-649,3030,-1669
-385,1798,-1251
-225,1050,-849
-76,674,-639
81,452,-644
233,497,-640
328,662,-627
490,802,-543
595,838,-626


















-,-,-
754,1823,-645
730,1819,-640
764,1823,-615
770,1817,-636
800,1827,-572
734,1907,-640
729,1981,-612
725,1921,-576
716,1861,-584
712,1865,-582
695,1908,-544
705,1943,-542
722,1899,-588
726,1894,-631
727,1890,-675
719,1933,-758
729,1896,-769
750,1928,-680
691,1853,-421
605,1737,-272
438,1570,37
138,1171,419
-50,608,1074
-232,-189,1227
-215,-920,211
-664,-1011,-1638
-1759,3158,-1543
-1911,4156,-2111
-1713,3415,-2069
-1556,3558,-2041
-1222,3848,-1730
-969,3063,-1169
-971,2918,-953
-1021,3314,-1103
-1124,3453,-1355
-1184,3298,-1827
-1325,3960,-2803
-1207,4389,-1466
-1033,2162,-251
-304,1035,-112
31,320,115
253,85,244
334,139,197
461,35,97
545,277,232
505,404,487
433,174,336
357,487,431
298,613,613
182,375,1081
-184,316,308
-430,1205,-431
-823,2127,-1952
-1092,3600,-2362
-944,3629,-1756
-901,2912,-1589
-957,3191,-1679
-730,3059,-1428
-622,2354,-1169
-744,2563,-1292
-744,3196,-1406
-839,3070,-1506
-927,3801,-1807
-934,3587,-2282
-695,3160,-2257
-493,2651,-1624
-326,1994,-1057
-236,1318,-843
-60,904,-590
158,375,-257
311,69,-133
409,-245,-375


















-,-,-
826,1817,-726
807,1857,-715
806,1870,-643
771,1929,-673
776,1853,-698
776,1811,-699
746,1873,-707
777,1808,-715
776,1774,-711
784,1784,-713
750,1781,-646
728,1803,-573
673,1703,-493
590,1598,-368
385,1379,-52
228,988,805
36,119,1103
-146,-746,741
-785,-168,-482
-875,1905,-1368
-1506,3447,-1995
-1408,3518,-1944
-1451,3526,-2389
-1071,3436,-1920
-879,3029,-1452
-764,2919,-844
-926,3063,-833
-981,3047,-1268
-1045,3194,-1323
-1141,3282,-1427
-1134,3340,-1696
-968,3036,-1930
-681,2759,-1504
-432,2205,-842
-170,1250,-428
136,466,-68
312,611,204
420,269,207
506,315,128
646,468,122
678,548,245
663,453,286
603,601,294
518,706,359
356,836,95
149,1057,-209
-44,1398,-1002
-155,1841,-1276
-455,2736,-1692
-476,2775,-1981
-571,2778,-2027
-517,2810,-2237
-267,2573,-1566
-357,2581,-1586
-339,2745,-1683
-277,3340,-1416
-295,3367,-1213
-231,3821,-1200
-361,4157,-1558
-354,3537,-1805
-260,2584,-2037
122,1166,-1523
207,577,-816
343,20,-201
285,352,-265
378,449,-649
551,464,-574
648,695,-426
764,766,-370
909,900,-462
1075,1129,-382
1106,1148,-508


















-,-,-
833,1873,-417
867,1844,-323
851,1870,-293
847,1885,-321
824,1894,-395
831,1926,-407
815,1989,-466
794,1958,-245
792,1831,-294
802,1821,-349
813,1885,-364
816,1888,-197
704,1773,-73
523,1554,195
113,940,594
-49,-159,917
-131,-663,343
-410,-234,-861
-650,2657,-1096
-921,3224,-1464
-925,3214,-1799
-949,3834,-1679
-827,3369,-1357
-718,3011,-1119
-684,2950,-817
-704,2806,-843
-712,2920,-1104
-626,3233,-1669
-594,3587,-1775
-705,3634,-1434
-762,3413,-1313
-615,2973,-1273
-516,2345,-1103
-288,1438,-719
-81,714,-24
32,394,476
162,335,507
365,200,401
434,257,340
361,495,263
347,596,165
360,609,352
310,531,664
75,596,268
-291,1299,-884
-617,2374,-1347
-738,3125,-1870
-667,3096,-1754
-646,2954,-1566
-598,2753,-1553
-603,2845,-1534
-636,3060,-1341
-602,3035,-1338
-534,3252,-1161
-540,3419,-1097
-582,3394,-1997
-633,3354,-2912
-402,3130,-2125
-273,1853,-1025
-92,883,-217
-4,619,-168
207,471,-232
287,405,-476
490,524,-776
598,820,-938
751,874,-631
719,1174,-820
855,1169,-939
945,1467,-707
935,1469,-508
921,1595,-668
983,1533,-741


















-,-,-
2,0,0
940,1872,-591
950,1826,-540
935,1847,-550
963,1882,-522
977,1777,-399
981,1769,-342
949,1782,-474
991,1754,-487
967,1747,-489
955,1789,-486
956,1839,-541
962,1751,-533
931,1709,-433
874,1638,-397
817,1551,-256
690,1450,-199
526,1236,112
288,893,702
190,91,1132
13,-396,1220
-600,462,177
-1081,2269,-1492
-1141,3276,-2581
-1159,3513,-2471
-1064,3920,-2550
-672,3653,-1868
-364,2796,-1230
-297,2584,-393
-560,2995,-529
-646,2938,-844
-563,2890,-1213
-587,3527,-1698
-683,4048,-2068
-612,3631,-1916
-481,2744,-1444
-279,1681,-654
-96,660,-54
37,490,332
211,363,440
395,490,163
594,558,-88
659,849,-84
719,1051,169
688,964,414
653,673,422
589,422,721
460,342,985
79,315,591
-298,602,-904
-665,1380,-1914
-703,2670,-1953
-849,3464,-1927
-834,3420,-2063
-794,3405,-2131
-582,3299,-1869
-487,2871,-1615
-432,3031,-1479
-371,3259,-1493
-380,3573,-1461
-487,3965,-1601
-614,4008,-1649
-494,3141,-1395
-200,1850,-968
10,823,-378
173,428,-30
316,215,-427
476,584,-735
618,621,-531
584,607,-379
590,791,-575
741,935,-660
837,901,-599


















-,-,-
-226,2605,-637
-231,2546,-601
-278,2076,-590
-246,1851,-717
-109,1680,-784
-16,1574,-722
36,1853,-637
90,1783,-825
75,2295,-875
101,2487,-597
81,2544,-501
192,2594,-956
429,2843,-1384
635,3366,-1537
958,3094,-1150
906,3751,-513
544,2704,546
247,1782,947
89,252,654
-78,353,397
-119,784,181
48,803,286
127,846,250
283,806,260
351,1062,575
214,971,607
172,790,931
77,893,738
27,1141,-197
-17,1722,-429
-170,2162,-589
-407,2158,-1328
-823,3047,-1492
-1000,4555,-2140
-775,5529,-810
-745,6229,-952
-447,5191,-1207
-268,3966,-1266
-248,2847,-738
-191,1631,-729
-3,865,-420
121,166,-87
189,247,-25
227,215,-36
319,105,577
378,-28,817
432,31,751
495,-64,357
530,91,236
289,814,-137
-6,1647,-449
-190,2633,-1177
-110,2678,-1161
-159,3293,-1059
-161,3275,-1094
-287,3276,-1263
-336,3353,-1166
-358,3246,-871
-419,3235,-1004
-427,3299,-1207
-340,3410,-1067
-340,3355,-927
-302,3272,-857
-194,2769,-944
-54,2293,-915
15,2172,-547
-64,2352,-572
22,1981,-612
236,1276,-432
306,745,-334
418,666,-227
623,353,121


















-,-,-
906,2111,-304
866,2084,-273
802,1978,-330
830,1851,-338
894,1877,-240
842,1928,-119
830,2036,-49
820,1975,-115
880,1962,-162
882,2020,-163
932,1923,-133
935,1901,-164
955,1763,-269
1000,1809,-290
985,1946,-390
1043,1926,-398
983,2011,-470
933,2060,-581
880,1938,-439
740,1814,-277
637,1555,0
416,1391,810
-95,665,1075
-84,247,896
-128,203,531
-295,445,22
-455,1010,-1278
-307,2131,-1559
-331,3022,-1417
-259,3352,-1552
-376,3596,-2102
-208,2940,-2360
-194,3201,-2053
-281,3316,-1780
-179,3102,-1437
-177,3055,-1191
-124,3079,-1404
-16,3200,-1425
28,3389,-1536
-66,3490,-1317
-168,2956,-1176
-65,2064,-850
70,1345,-296
59,813,439
49,703,767
116,414,867
209,197,648
298,96,584
299,332,725
308,333,491
402,257,311
398,459,31
252,1207,-748
223,1895,-1495
169,2309,-1764
236,2176,-1808
138,2364,-1744
89,2629,-1879
107,2460,-1600
63,2508,-1413
-37,2684,-1254
-52,2636,-1296
-106,2424,-1474
-83,2448,-1405
-115,2522,-1345
-36,2546,-1321
49,2925,-1074
62,3396,-1057
122,3414,-1227
99,3114,-1531
12,2840,-1787
79,2202,-1566


















-,-,-
990,1813,-307
982,1851,-295
990,1847,-270
980,1839,-649
1012,1935,-804
1082,1817,-811
1036,1745,-1284
1171,1643,-1773
1221,1350,-1866
1236,1353,-918
965,1566,-15
805,1820,-257
867,1303,-326
906,1724,1072
293,2446,1655
271,1779,1286
385,1820,1408
252,2280,914
303,2213,736
415,2185,506
479,2199,283
716,2145,82
741,2036,115
665,1707,169
428,1380,450
150,768,1274
-180,-327,1136
-457,-438,-134
-721,705,-914
-908,2221,-1046
-1072,3309,-2411
-596,3116,-2610
-638,3595,-2079
-644,3467,-1722
-577,3174,-1455
-582,3426,-1294
-628,3794,-1102
-684,3917,-1129
-660,3921,-1524
-595,3569,-1728
-591,3070,-1850
-537,2349,-1346
-462,1758,-494
-344,1132,336
-158,564,717
120,-120,570
336,-325,710
333,262,793
372,184,330
488,122,230
445,210,121
253,761,98
182,1006,1
100,1601,-222
-75,2143,-801
-114,2436,-1431
-243,2925,-1491
-489,3443,-1855
-303,3161,-1859
-258,3052,-1484
-277,2887,-1274
-286,2799,-1110
-284,2886,-925
-273,2989,-1025
-210,3551,-1310
-248,4346,-1294
-275,4103,-1400
-292,3502,-1269
-327,2604,-1327
-259,1787,-1166
-72,1224,-603
55,638,-187


















-,-,-
370,1997,878
486,2054,-46
983,1695,-1053
1280,1446,-1545
1211,1404,-1551
1226,2351,27
816,2448,118
921,1756,237
839,1812,340
718,1917,398
745,2052,428
760,2023,244
851,1827,39
785,1776,94
720,1823,-170
746,1892,-184
757,2127,-106
739,2125,-156
771,1999,-160
755,1827,12
543,1653,723
-65,1018,1024
-364,-126,728
-281,-1024,611
-719,-172,-373
-764,1935,-892
-957,3212,-1710
-635,3702,-1923
-651,4450,-1475
-719,4906,-1685
-407,4387,-1747
-351,4574,-1710
-406,4349,-1730
-484,3925,-1574
-515,3205,-1441
-480,2389,-860
-319,1475,-198
-123,790,669
36,264,915
328,69,554
528,135,694
463,517,594
439,349,96
577,138,19
487,340,307
376,752,376
443,774,660
315,1190,459
120,1622,-111
-208,2238,-1714
-188,2935,-1836
-316,3465,-1324
-402,3491,-1189
-302,3145,-1081
-312,3056,-745
-422,3153,-755
-322,3503,-794
-303,3764,-807
-317,3714,-997
-319,3680,-1310
-269,3506,-1416
-190,2903,-1534
-98,2438,-1325
-27,1833,-1106
91,1270,-902
250,939,-638
321,695,-461
469,574,-237
508,752,-203
725,685,-57
838,961,13
904,1016,100


















-,-,-
864,1913,-245
857,1917,-174
872,1992,-168
903,2051,-179
925,1937,-75
852,2012,-165
911,1924,-227
903,1837,-128
876,1976,-183
909,1938,-166
895,1950,-140
874,1907,-210
918,1804,-175
903,1874,-154
911,1969,-227
935,1919,-242
923,1914,-203
900,1918,-156
925,1920,-190
929,1896,-199
922,1913,-163
887,1891,-231
946,1837,-231
921,1888,-158
857,1959,-150
806,1851,-78
735,1676,154
553,1300,344
279,689,555
78,202,344
-147,72,295
-221,380,323
-466,1198,-109
-642,2191,-1014
-719,3313,-1675
-557,3474,-1454
-674,3308,-1459
-772,3825,-1628
-630,3545,-1557
-563,3750,-1314
-579,3887,-1278
-618,4010,-1466
-690,3742,-1521
-691,3437,-1376
-643,3263,-1326
-424,2296,-1011
-246,1441,-373
-51,956,398
-19,486,741
204,-76,161
523,94,282
573,224,603
528,504,550
590,427,460
626,303,572
591,435,841
451,931,787
280,924,152
40,1478,-743
-256,2218,-1559
-267,2224,-1633
-313,2750,-1315
-402,3706,-1251
-289,3119,-1536
-138,2822,-1434
-217,3012,-1227
-316,3099,-1291
-297,3055,-1359
-251,2980,-1359
-329,3349,-1456
-346,3361,-1866
-375,3504,-1727


















-,-,-
97,2655,150
-12,2653,1137
-131,2297,2783
-382,2448,2947
-262,3247,1136
265,2247,308
473,2226,389
405,2185,-16
573,2041,101
614,2064,288
667,1885,62
767,1880,-172
810,1930,-70
777,1792,-152
711,1639,-7
460,1436,187
112,1284,434
39,703,921
159,270,950
93,-185,617
-270,549,17
-674,1798,-1758
-636,4142,-1548
-858,4069,-1506
-549,3524,-1395
-496,3615,-1399
-414,3225,-1411
-343,3260,-1284
-411,3927,-1494
-461,4309,-1523
-601,4384,-1619
-533,3656,-1366
-448,2792,-706
-317,1519,-134
-123,697,323
79,-56,571
200,-366,526
259,-165,493
245,355,440
182,539,336
296,749,94
326,662,19
177,1045,-433
168,1307,-1008
20,1803,-1222
-61,2111,-1459
-110,1942,-1885
-209,2299,-1925
-255,2631,-1822
-316,2773,-1701
-397,3041,-2034
-379,3102,-2279
-307,3165,-2026
-306,3431,-1938
-284,3628,-1947
-351,3585,-1784
-382,3117,-1804
-346,2622,-1512
-303,1746,-1225
-162,1174,-618
-19,937,-441
257,511,-424
405,516,-268
486,340,-394
704,696,-129
724,729,-212
798,863,-373
821,1247,-441
923,1349,-673
922,1375,-322
870,1593,-240
962,1702,-106


















-,-,-
855,1881,-200
852,1892,-205
827,1992,-240
850,2017,-166
842,1894,-118
845,1925,-187
913,1841,-240
920,1892,-219
929,2008,-377
980,1916,-396
953,1873,-326
872,1929,-346
900,1912,-299
834,1782,-202
745,1719,-158
641,1593,-26
506,1517,390
180,1301,910
-189,842,675
-272,-48,180
-106,-202,353
-294,284,90
-573,1369,-1165
-535,3120,-1924
-636,3947,-2249
-483,4005,-2253
-417,3872,-2240
-300,3510,-1976
-317,3616,-1858
-298,3764,-1613
-368,3643,-1693
-437,3561,-2158
-533,3365,-1949
-528,2583,-1413
-403,1719,-793
-244,1089,44
-138,346,469
89,275,421
352,212,763
440,334,774
546,92,599
543,41,429
491,168,392
455,398,302
291,664,184
-12,1190,-822
-314,1546,-1942
-535,2594,-2239
-635,2397,-2251
-635,2708,-2624
-582,2568,-2535
-510,2384,-2078
-518,2398,-1958
-469,2314,-1738
-439,2236,-1380
-462,1847,-1221
-463,1802,-1282
-465,1960,-1280
-445,2090,-1311
-393,2464,-1406
-318,2651,-1630
-359,3200,-1879
-366,3112,-2383
-273,2972,-2186
-224,2839,-1901
-189,2429,-1609
-108,1766,-1357
-24,1239,-1049
28,907,-741
232,339,-390
367,125,-241
542,83,-297


















-,-,-
573,2223,321
626,2204,358
691,2241,167
777,2143,-261
862,2068,-587
888,2067,-444
807,2181,-505
844,1980,-365
894,2033,-327
923,1925,-269
880,1935,-313
823,1935,-402
818,1799,-465
803,1922,-319
758,1888,-404
718,1771,-340
651,1689,-167
470,1588,90
116,1351,627
-234,614,1210
-451,-357,675
-224,-851,445
-587,-494,338
-821,1263,-707
-1219,3103,-2308
-1202,4527,-2594
-791,4425,-2755
-579,3775,-2306
-543,3429,-2247
-449,3232,-1949
-456,3675,-1907
-535,3629,-1695
-658,3631,-1867
-689,3241,-1868
-710,2756,-1626
-564,2390,-1171
-429,1815,-804
-216,1326,-319
-108,696,-103
133,133,187
284,-72,441
384,120,537
426,497,428
493,458,336
559,505,469
440,710,408
293,646,264
291,913,-95
57,1214,-1049
-50,1835,-1589
-218,2209,-1931
-116,2523,-2105
-106,2829,-1779
-295,2475,-1853
-363,2518,-1904
-400,2316,-1877
-306,2492,-1451
-333,2646,-1308
-369,3024,-1274
-310,3001,-1383
-293,3516,-1736
-68,3606,-1641
-294,3973,-1509
-586,3518,-1864
-552,2493,-1634
-506,1670,-1209
-345,1123,-767
-94,838,-239
140,702,-152
392,609,-146
616,413,-322
726,666,-148


















-,-,-
805,1832,-393
841,1794,-358
837,1960,-391
847,1975,-459
856,2012,-462
839,2025,-429
853,1949,-448
868,1884,-352
831,1932,-383
830,1872,-410
845,1797,-371
805,1759,-347
750,1655,-231
637,1600,-49
477,1321,627
255,633,1486
199,-205,1036
-132,-332,195
-551,367,-722
-729,1675,-983
-925,2627,-1769
-726,3182,-1992
-677,3105,-2358
-598,3409,-2214
-646,3014,-2339
-577,2682,-2069
-545,2643,-1884
-528,2794,-1577
-592,3192,-1455
-611,3539,-1469
-563,3562,-1605
-466,3443,-1417
-417,3437,-1725
-253,2898,-1310
-197,1717,-899
95,1222,-757
336,1091,-240
372,619,-164
519,423,-120
561,329,-173
692,501,12
739,507,298
673,679,424
637,720,392
635,560,392
630,228,408
559,-48,782
469,262,1141
-29,581,346
-141,788,-745
-535,2002,-1196
-1025,3352,-2015
-611,3342,-2254
-654,3391,-1837
-438,3265,-1750
-505,3315,-1830
-410,3501,-1817
-465,3535,-1494
-536,3760,-1334
-641,3613,-1675
-581,3522,-1544
-547,3458,-1159
-405,3097,-597
-318,3016,-670
-158,1558,-597
291,691,-635
444,474,-338
562,235,-282
589,405,-316
603,853,-494
717,974,-247
677,1072,-132


















-,-,-
812,1956,-343
793,1989,-372
813,1987,-372
872,2000,-423
845,1958,-398
824,1966,-361
844,1974,-326
826,1899,-295
865,1919,-265
858,1927,-329
873,1837,-343
830,1870,-266
764,1869,-285
791,1678,-252
696,1587,-187
468,1479,111
175,1269,475
128,559,955
89,-270,546
-77,-778,-260
-368,-498,-249
-1126,2002,-300
-1649,4351,-2238
-983,4142,-2930
-589,3734,-1903
-776,4223,-1866
-563,3965,-1363
-507,3801,-1105
-584,4083,-1116
-802,4096,-1149
-1125,4194,-1592
-901,3116,-1518
-530,2202,-878
-310,1694,-721
-28,914,-412
318,195,151
371,26,439
341,530,476
456,248,489
496,246,724
417,227,747
378,333,620
266,196,649
120,393,270
-225,1056,-679
-605,1599,-1606
-811,2216,-1661
-1019,3314,-933
-1046,3919,-1558
-549,2998,-1950
-309,3164,-1399
-409,3623,-1346
-393,3748,-1462
-322,3564,-1253
-381,3429,-1080
-329,3371,-1374
-254,3381,-1039
-300,3213,-1020
-273,3031,-1209
-190,2582,-761
-191,1392,-590
-9,890,-1023
261,549,-741
395,158,-482
392,890,-417
548,768,-270
708,709,-130
821,794,-369
1074,940,-164
913,1318,-177
876,1504,-396
987,1595,-202


















-,-,-
920,2000,-148
923,1965,-139
899,1973,-221
885,1853,-240
855,1841,-302
852,1784,-396
848,1766,-512
864,1736,-174
869,1750,-27
864,1744,-179
916,1705,-170
868,1973,-220
840,2024,-447
938,2039,-355
866,2252,-358
931,2151,-569
1000,2103,-522
1033,2200,-469
949,2252,-532
824,2176,-555
692,1858,-658
608,1337,-199
500,994,480
389,450,984
453,83,1459
398,-281,910
-184,522,232
-824,1678,-1085
-1006,2712,-1946
-863,2726,-1780
-745,2891,-1460
-731,3047,-1505
-573,3106,-1631
-375,2856,-1663
-367,3081,-1359
-546,3693,-1596
-454,3545,-1644
-565,3518,-1646
-619,3599,-1512
-527,3278,-1521
-385,2730,-1520
-251,2416,-1286
-156,1961,-1107
78,1294,-692
241,721,-393
316,474,-230
450,585,19
459,497,300
472,420,520
503,503,564
547,389,626
587,153,700
649,92,764
536,143,603
352,338,280
28,681,-271
-326,1010,-999
-679,2867,-1405
-783,3558,-1698
-493,3288,-1409
-447,3590,-1595
-406,3227,-1585
-434,3292,-1589
-381,3513,-1524
-379,3576,-1538
-336,3564,-1324
-343,3672,-1191
-241,4152,-1243
-407,4586,-1135
-587,3087,-1048
-161,1240,-909
259,626,-915


















-,-,-
1025,1790,-458
1022,1762,-255
987,1850,-199
1007,1888,-251
1019,1911,-305
958,1916,-453
973,1744,-503
890,1804,-718
750,1970,-599
731,1799,-185
718,1720,-158
774,1785,40
917,1693,9
1080,1483,102
1211,1683,-211
1196,1844,-475
1259,1996,-464
1246,1912,-338
1119,1836,-409
1118,1649,-495
1243,1376,-658
1357,1421,-693
1246,1750,-839
1183,2031,-382
995,2164,-173
869,1733,-30
685,1224,343
476,666,590
195,178,951
-27,18,1244
-62,237,470
-467,1115,-1155
-761,3456,-1890
-669,3943,-2364
-312,3669,-2014
-222,3733,-1725
-137,3672,-1313
-67,3473,-1310
17,3618,-1292
-121,3948,-1520
-168,3956,-1697
-177,3450,-1688
-188,2870,-1576
-9,1820,-1072
126,987,-425
291,371,-39
377,233,261
475,15,265
612,69,476
573,277,654
602,395,582
629,465,582
644,328,546
593,248,368
504,212,490
173,394,37
-234,1515,-1371
-545,2253,-2051
-551,3431,-1707
-682,3369,-1867
-557,3868,-1890
-407,3551,-1944
-413,3514,-1966
-351,3740,-2007
-270,3652,-1909
37,3404,-1590
-105,3570,-1362
-283,3565,-1374
-322,2553,-1264
-293,1582,-866
-221,919,-646
8,421,-597


















-,-,-
86,0,0
1108,1679,-506
1092,1683,-535
1088,1699,-600
1139,1628,-554
1092,1601,-558
1137,1655,-533
1074,1696,-610
1096,1623,-657
914,1639,-437
950,1781,-496
1008,1797,-513
959,1828,-496
881,1826,-476
820,1695,-118
704,1485,423
473,1023,604
347,582,621
304,-123,421
251,-262,-352
-553,211,-1549
-785,1835,-1464
-876,2974,-1864
-451,2904,-1510
-295,3274,-1777
-281,3475,-1931
-297,3606,-1934
-264,3609,-2191
-296,3676,-2550
-362,3593,-3037
-598,3757,-3137
-513,3399,-1954
-383,2818,-761
-298,2283,182
-101,1559,615
111,978,465
292,594,393
395,438,291
517,420,202
643,405,292
709,413,515
699,602,436
778,474,467
767,553,519
719,542,523
588,602,512
282,585,0
21,724,-571
-299,1599,-793
-803,2199,-1675
-869,3221,-2257
-769,3656,-1726
-608,3323,-1366
-514,3137,-1521
-515,3461,-1351
-505,3699,-1299
-393,3786,-1309
-361,4302,-1216
-591,4084,-1277
-703,3689,-1624
-616,2930,-1449
-647,2306,-997
-601,1662,-749
-315,1063,-580
-79,373,-341
256,575,-169
451,534,-127
746,481,101
828,637,49
881,878,-225
929,1063,-535
953,1132,-450
1039,1508,-283


















-,-,-
1021,1743,-687
1030,1675,-648
955,1779,-588
973,1733,-485
973,1580,-344
941,1504,-373
979,1651,-363
959,1684,-425
995,1634,-457
1004,1881,-566
1021,1821,-604
1050,1824,-516
955,1818,-419
914,1650,-234
732,1473,121
471,1316,519
129,799,1000
-197,320,678
-291,-49,-201
-451,262,-750
-709,2185,-744
-625,3123,-1191
-343,3251,-1779
-349,3633,-2024
-417,3688,-2208
-332,3414,-2186
-290,3446,-1899
-385,3707,-1534
-404,3799,-1309
-388,3782,-1266
-365,3437,-1445
-305,2843,-1559
-204,2137,-1384
-59,1409,-816
64,757,-169
188,716,-120
299,336,14
392,234,282
367,487,547
372,642,646
455,534,810
432,313,818
398,252,771
259,671,579
-109,1136,-89
-253,1295,-1236
-512,2483,-1374
-730,3360,-2020
-403,3112,-1788
-330,2886,-1745
-380,2774,-1762
-441,3106,-1765
-480,3524,-1852
-549,3903,-1473
-681,4417,-1682
-269,3552,-1628
-149,3268,-1360
-140,2860,-1024
-134,2272,-1070
-67,1394,-1053
154,880,-998
220,671,-848
260,585,-763
455,556,-490
528,1003,-204
630,868,-458
952,524,-287
997,760,-183
1085,898,-209
1185,944,-187
1183,1299,-362
1223,1356,-348


















-,-,-
987,1551,-528
954,1496,-460
924,1355,-226
966,1362,-41
950,1817,-317
1019,2444,-751
1077,2201,-765
1018,1832,-579
869,1663,-251
833,1609,-126
764,1405,-65
599,1341,173
314,1174,789
178,778,1595
165,-147,1209
12,36,288
-793,1565,-1980
-1034,3572,-3523
-729,3234,-3162
-322,2367,-2192
-408,2586,-2043
-392,2524,-2206
-312,2459,-2076
-288,2926,-1995
-405,4109,-1871
-583,4554,-2062
-504,3886,-2169
-417,3125,-1730
-439,2359,-1072
-425,1296,-630
-294,510,-575
-77,-605,-478
-5,-805,208
-142,125,610
-104,200,381
230,116,611
274,436,1357
298,512,1150
161,652,570
-3,744,-377
-347,1724,-1826
-822,3580,-2549
-619,3673,-2653
-140,3384,-1585
-281,3388,-1676
-436,3041,-1939
-347,3205,-1875
-214,3815,-1704
-335,4578,-1281
-579,4403,-1538
-653,3680,-1640
-686,2651,-1376
-670,1917,-1178
-514,1168,-813
-290,296,-862
66,61,-482
195,309,-337
535,373,43
653,963,12
898,766,-163
1011,659,-189
985,1225,-422
1071,1246,-462
1047,1505,-503
1019,1433,-690
1208,1396,-625
1247,1613,-551
1217,1624,-646
1223,1779,-648
1194,1770,-715
1173,1768,-639
1061,1786,-626
