-,-,-
-263,-440,2103
-241,-428,2124
-108,106,2104
-126,87,2221
-140,81,2215
-176,115,2124
-150,131,2113
-155,106,2209
-170,144,2116
-166,112,2137
-154,124,2121
-134,127,2029
-161,96,2023
-159,120,1807
-182,54,1558
-163,26,1217
61,71,997
220,-10,717
-257,-152,1126
-15,-351,1487
366,-333,1210
-46,-746,1982
332,-821,2323
404,-887,2026
-8,-1162,3367
496,-973,3147
-147,-970,3869
-22,-864,4021
133,-1003,4457
243,-1173,4594
385,-1082,4061
484,-1003,3452
369,-973,3177
452,-861,2583
356,-790,2195
199,-768,1704
4,-436,1315
-129,-218,923
-270,-44,554
-511,82,451
-510,232,0
-506,359,73
-412,44,62
-491,216,179
-291,162,259
224,98,275
47,-286,421
65,-581,1663
176,-919,2274
69,-1047,2704
-24,31820,2988
-256,-1150,3411
-244,-844,3408
158,-804,3351
-166,-958,3995
-416,-1080,4239
-527,-967,3928
-653,-988,3786
-533,-991,3530
-167,-926,2989
-3,-811,2576
-8,-693,2156
-67,-636,1975
-63,-441,1671
-342,-260,1270
-323,4,1109
-307,259,841
-267,267,992
-219,324,995
-83,310,1229
-16,280,1549
-224,374,1593
-245,370,1834
-233,369,2030
-214,455,2036


















-,-,-
-177,64,2147
-180,60,2155
-268,41,2127
-277,98,2059
-205,140,1940
-289,140,1777
-368,98,1710
-393,68,1376
-203,93,997
-130,141,708
117,-16,636
63,-182,433
-193,-616,1335
625,-792,994
-128,-988,1426
-377,-1500,3038
-242,-1483,3338
-441,-1781,4351
-384,-1581,4688
-172,-1497,4789
-45,-1424,4430
212,-1525,4342
244,-1440,3838
319,-1243,3238
393,-1083,2563
169,-815,1939
9,-684,1676
-73,-412,1183
-142,-212,863
-326,-107,662
-291,100,490
-378,217,260
-373,330,49
-345,227,220
-286,245,109
-136,294,26
-211,86,447
218,-263,882
78,-676,1484
253,-1172,2473
39,-1209,2664
-105,-1307,3141
316,-1142,2776
-491,-1199,3420
-205,-1274,3674
-315,-1307,3574
-605,-1464,4225
-607,-1462,4026
-466,-1420,3730
-419,-1301,3453
-257,-1190,2964
19,-1111,2624
138,-984,2215
134,-837,1816
168,-685,1455
-41,-477,1223
-341,-34,789
-523,304,644
-555,341,897
-362,330,954
-325,181,1230
-259,63,1659
-342,156,1722
-424,245,1783
-408,243,1913
-384,166,2169
-310,158,2179
-238,123,2219
-300,92,2340
-276,82,2296
-225,108,2230
-227,144,2171
-215,122,2135
-169,176,2133
-328,120,2146


















-,-,-
-216,-104,2046
-216,-93,2071
-189,-84,2006
-270,-93,1923
-340,-86,1784
-333,-21,1620
-219,-28,1456
-201,-29,1225
-200,-33,930
247,54,483
-10,-89,427
389,-547,717
319,-1050,1010
-115,-1793,2434
-180,-2255,3562
-907,-2229,4097
-494,-1672,4004
-315,-1423,3829
103,-1275,3497
186,-1462,3870
240,-1557,3672
140,-1632,3655
131,-1611,3369
187,-1441,2749
26,-1172,2139
-144,-916,1647
-162,-741,1290
-100,-440,853
-194,-133,405
-390,57,204
-314,115,358
-376,387,-254
-1,407,-370
98,331,-325
-99,207,-182
145,-197,273
496,-785,454
401,-1516,1590
227,-2447,2721
-1170,-2943,4373
-1210,-2476,4692
-857,-1954,3826
-683,-2019,4257
-448,-1864,3626
-611,-1946,3760
-506,-1915,3448
-323,-1787,2996
-343,-1633,2647
63,-1368,2163
15,-961,1453
-69,-669,1132
-110,-399,833
-141,-97,560
-344,232,343
-236,159,1048
-137,115,1194
-91,29,1369
-215,14,1742
-208,76,1886
-246,64,2043
-232,-2,2308
-238,69,2236
-64,97,2239
-27,-20,2298
18,16,2270
-28,75,2135
-81,110,2154
-133,36,2224
-135,-16,2267
-184,8,2195
-108,30,2205
-166,19,2165
-179,11,2157
-110,64,2087
-189,62,2073


















-,-,-
-120,-105,2059
-131,-85,2045
-159,-117,2086
-83,-78,1994
-201,-103,1910
57,-74,1488
54,-94,1065
-16,-80,707
245,29,331
440,-99,72
-333,-695,994
-534,-1173,2016
-126,-1502,2194
-263,-1922,3056
263,-2005,3215
-128,-2135,3966
-251,-2176,4577
-208,-2003,4421
50,-1949,4033
90,-1821,3673
156,-1661,3181
131,-1539,2716
209,-1285,2143
98,-1097,1715
-41,-835,1399
3,-511,1027
-209,-270,754
-341,-110,637
-551,204,379
-504,334,203
-554,386,6
-451,340,265
-372,308,281
-370,153,333
47,-270,967
-117,-665,1395
244,-1109,1864
386,-1402,2497
185,-1423,2782
60,-1486,3128
20,-1612,3684
294,-1546,3656
-85,-1349,3415
96,-1308,3313
-24,-1263,3207
-771,-1235,3326
-803,-1143,3130
-468,-1089,2867
-358,-990,2564
-271,-1104,2494
126,-1162,2330
314,-981,1847
-38,-681,1548
-234,-410,1332
-334,-103,1045
-366,59,1018
-162,182,1128
-148,230,1093
-128,186,1290
-255,122,1570
-226,42,1844
-293,15,2168
-295,43,2101
-188,33,2287
-88,6,2280
-137,1,2219
-146,75,2185
-147,98,2199
-110,4,2273
-94,-2,2199
-117,74,2093
-125,89,2111
-187,54,2133
-155,85,2098
-212,88,2098


















-,-,-
-362,311,1651
-544,381,1340
-251,200,1233
-27,-96,984
221,-375,1134
330,-571,1145
585,-679,814
-49,-741,995
-94,-1088,2117
-260,-1053,1955
-744,-1454,3420
-471,-1413,3134
-590,-1456,3764
-286,-1361,3884
-355,-1294,4021
32,-1348,4112
30,-1314,3895
14,-1388,3622
278,-1306,3072
450,-1223,2581
429,-1134,2171
340,-940,1858
400,-800,1586
143,-580,1384
-102,-368,1255
-340,-82,898
-173,139,629
-338,367,397
-508,454,322
-458,538,149
-326,352,280
-362,182,521
-91,-121,604
-46,-354,1135
-105,-695,1682
-111,-977,1851
174,-1071,2278
-78,-1465,3227
-270,-1266,3067
218,-1141,3001
-98,-1335,3518
-180,-1361,3843
24,-1252,3636
-468,-1354,3934
-376,-1345,3784
-153,-1197,3162
-207,-1111,2814
-161,-1074,2619
111,-918,2093
180,-815,1717
123,-574,1545
-226,-354,1445
-426,-336,1500
-531,-103,1192
-615,91,1016
-388,53,1197
-393,-5,1349
-359,42,1491
-306,118,1534
-193,113,1742
-394,182,1811
-221,78,2070
-143,43,2223
-168,23,2351
-167,31,2310
59,42,2215
-114,115,2113
-211,12,2288
-183,12,2259
-176,25,2249
-141,46,2099
-176,67,2110
-175,129,2086
-241,113,2063
-297,61,2190


















-,-,-
-52,-85,2141
-123,-52,2077
-168,-27,2107
-212,-34,2133
-251,-9,2060
-305,17,1936
-183,30,1783
-204,16,1599
-246,-27,1246
80,-5,537
308,22,-342
-107,-448,582
-180,-553,504
-251,-877,1099
-173,-1338,2101
-141,-1852,3238
274,-2244,3946
520,-2118,3977
165,-1611,3879
-106,-1370,3814
-411,-1480,4195
-98,-1553,3794
21,-1673,3680
-67,-1476,3050
130,-1430,2808
231,-1280,2329
41,-1130,2104
-109,-812,1627
-181,-523,1264
-278,-244,960
-344,71,578
-525,234,484
-611,263,367
-250,256,230
9,102,235
-46,77,270
217,70,130
22,-128,362
-156,-423,967
190,-803,1250
-241,-1229,2340
-54,-1452,2811
-227,-1699,3341
-27,-1780,3958
57,-1631,3726
-509,-1666,4245
-84,-1531,3975
-168,-1456,3742
-433,-1408,3543
-274,-1362,3206
34,-1247,2725
147,-998,2171
-45,-787,1915
-8,-531,1469
-97,-309,1123
-295,-169,998
-311,-103,1040
-355,-32,1094
-254,12,1178
-201,67,1245
-143,140,1425
-269,187,1601
-291,137,1899
-331,109,2107
-275,70,2228
-230,53,2371
-129,43,2286
-116,42,2269
-122,93,2229
-144,75,2245
-168,67,2196
-129,89,2109
-176,75,2139
-248,126,2082
-185,51,2166


















-,-,-
-203,25,1866
-237,-43,1834
-197,-98,1766
-165,-63,1587
-189,-68,1340
72,-114,994
286,19,455
232,19,396
-146,-258,906
-925,-472,1483
-245,-1065,2162
217,-1150,1772
-596,-1891,3488
-181,-1866,3222
-30,-1667,3281
173,-1520,3355
148,-1140,3140
46,-1299,3595
5,-1524,3984
95,-1628,3800
425,-1692,3543
779,-1517,2997
661,-1285,2362
481,-1118,2129
102,-911,1794
-252,-684,1467
-306,-406,1160
-411,-207,903
-666,-47,700
-718,12,558
-488,130,204
-278,92,202
-191,95,352
-187,172,160
-200,-42,517
-36,-381,1032
151,-832,1182
-664,-1457,2529
-588,-1031,2685
-423,-839,2793
-575,-1070,3582
394,-1131,3416
393,-1218,3697
224,-1022,3575
161,-1194,3890
-55,-1184,3704
-131,-1238,3589
-124,-1153,3193
-59,-1128,2864
36,-943,2296
-26,-705,1902
-97,-471,1480
-255,-319,1284
-452,-156,1069
-291,-21,858
-305,-31,1026
-251,-10,1352
-151,95,1305
-179,84,1511
-386,83,1845
-324,147,2005
-272,79,2178
-209,-9,2278
-100,64,2238
-91,164,2097
-147,165,2156
-199,165,2200
-120,183,2102
-91,89,2211
-85,25,2228
-84,87,2158
-123,156,2030
-219,144,2142
-252,180,2111
-163,121,2144


















-,-,-
-198,-58,2116
-256,-77,2143
-81,-66,1925
-119,-46,1855
-372,-1,1683
-451,-45,1517
-136,24,1092
15,211,497
-9,-38,500
215,-458,908
304,-750,1075
405,-1201,1785
222,-1691,3020
316,-1503,2909
-597,-1339,3252
-420,-1038,3187
-500,-1180,3674
-236,-1325,3843
162,-1439,3959
228,-1484,3646
309,-1395,3441
428,-1274,2969
625,-1242,2660
535,-1079,2449
121,-829,2059
-109,-694,1725
-128,-326,1041
-156,-285,1135
-321,-188,1018
-472,58,489
-490,213,213
-396,120,257
-286,199,153
-232,128,376
-283,-88,690
93,-487,1375
304,-761,1593
605,-1234,2210
587,-1280,2522
411,-1357,3306
134,-1255,3339
84,-1362,4042
-67,-1341,4003
-447,-1296,3876
-460,-1257,3731
-325,-1197,3509
-130,-1072,2802
-60,-959,2603
175,-871,2167
180,-701,1790
-66,-489,1452
20,-294,1257
-93,-181,1288
-213,-54,1187
-223,30,1214
-202,95,1297
-201,120,1353
-273,159,1560
-273,118,1892
-281,93,1972
-237,79,2165
-164,88,2181
-168,46,2216
-127,39,2279
-156,92,2133
-100,52,2216
-57,98,2154
-150,95,2195
-168,86,2159
-92,118,2133
-103,74,2130
-184,76,2105
-43,81,2137
-176,110,2053
-264,100,2093


















-,-,-
-174,64,2124
-187,117,2087
-173,81,2076
-188,146,1966
-343,189,1799
-180,-5,1652
-109,-148,1471
201,-191,891
568,-20,-70
707,-117,-405
130,-379,151
-478,-1028,1446
-566,-1568,2464
-838,-2158,3802
-366,-2341,4527
74,-1931,4461
226,-1344,3903
171,-1142,3774
72,-1234,3874
97,-1343,3610
132,-1273,3268
183,-1172,2837
24,-1080,2555
61,-1028,2166
32,-889,1820
-292,-601,1186
-448,-308,841
-425,-47,582
-516,118,299
-435,255,195
-294,244,-6
11,120,12
108,-61,360
122,-206,535
414,-528,1174
622,-836,2056
343,-1127,2842
673,-1389,3164
738,-1405,3127
-579,-1378,3512
-210,-1301,3494
-387,-1480,3809
-845,-1518,3951
-748,-1437,3630
-580,-1333,3189
-430,-1136,2792
-406,-1012,2471
-291,-844,2081
-200,-522,1587
-148,-367,1233
-113,-273,1033
-56,-204,1057
-122,-138,1153
-168,-161,1500
-112,10,1375
-142,91,1517
-255,12,1857
-219,54,1979
-141,8,2127
-75,-89,2212
-49,-117,2324
-38,-84,2277
-76,-31,2171
-105,2,2196
-38,-43,2162
-99,-89,2186
-182,12,2097
-199,-20,2080
-132,-75,2151
-160,-62,2139
-166,-14,2101
-166,-25,2134
-197,-77,2161
-180,-15,2115
-236,-72,2083


















-,-,-
-196,-135,2179
-223,-183,2252
-231,-162,2158
-220,-167,2089
-298,-61,1779
-220,-15,1523
-225,49,1204
186,15,670
657,67,-258
1091,-217,-184
185,-886,1069
-272,-1203,1691
-369,-1591,2702
-509,-2069,3717
-397,-1894,3792
-262,-1571,3723
-202,-1354,3667
91,-1145,3552
-52,-1389,3777
85,-1556,3723
260,-1346,3213
120,-1313,3054
26,-1280,2715
223,-1132,2238
258,-916,1555
53,-721,1324
-77,-496,913
-323,-267,652
-283,89,226
-319,328,28
-398,189,228
-317,237,188
-254,25,439
-352,-330,768
183,-558,1170
352,-936,1527
243,-1233,2488
424,-1163,2821
212,-1110,2757
240,-1142,2920
313,-1357,3505
120,-1524,3652
-57,-1283,3590
-207,-1326,3663
-101,-1340,3639
-16,-1260,3345
125,-1155,3023
48,-1079,2714
66,-1060,2503
193,-961,1919
53,-700,1510
-113,-402,1159
-146,-271,1200
-144,-91,861
-229,-6,988
-273,33,1099
-213,-33,1435
-480,5,1665
-291,37,1794
-285,84,1978
-331,10,2149
-191,-43,2265
-99,26,2151
-160,-54,2276
-60,-70,2335
54,9,2316
-44,101,1958
-117,85,2179
-137,65,2124
-88,2,2080
-92,23,2147
-176,40,2166
-148,57,2125
-206,11,2148
-183,41,2154


















-,-,-
-276,-194,2088
-318,-218,2167
-269,-196,2072
-303,-145,2099
-258,-191,2138
-226,-189,1982
-238,-196,1958
-267,-126,1820
-233,-134,1808
-234,-194,1856
-367,-214,1807
-341,-269,1556
46,-166,906
914,-56,205
816,-256,281
-264,-662,1500
-335,-1166,2235
-613,-1315,2564
-764,-1745,3647
74,-1675,3114
145,-1615,3392
174,-1274,3360
247,-990,3081
91,-1135,3383
147,-1271,3514
6,-1396,3490
126,-1401,3137
211,-1328,2887
-78,-1068,2377
-238,-834,1942
-287,-571,1557
-483,-358,1163
-517,-224,960
-511,5,581
-518,84,413
-255,31,582
-177,26,513
-22,112,242
-28,64,454
62,-188,653
421,-455,993
308,-793,1320
112,-1186,2126
493,-1197,2325
-451,-1287,3066
-619,-1518,3723
-55,-1391,3687
-503,-1424,3978
-166,-1331,3804
-220,-1303,3521
-362,-1255,3416
-201,-1173,3221
143,-1155,2839
116,-1065,2619
65,-941,2310
-125,-694,1833
29,-425,1302
-395,-159,1012
-441,-73,1028
-415,-12,1112
-364,-66,1184
-331,-152,1461
-291,-96,1504
-287,-37,1581
-380,39,1596
-368,12,1812
-511,-32,2180
-493,-5,2178
-247,-5,2175
-235,-53,2223
-276,-66,2341
-211,-28,2197
-175,-23,2195
-249,-42,2176
-312,-68,2294


















-,-,-
-215,-130,2132
-85,-64,1973
-60,-62,1890
-203,-6,1729
-242,-20,1580
-99,-30,1166
34,118,757
-380,94,508
-330,-291,1044
-114,-745,1261
-244,-1208,2184
243,-1436,2571
-31,-1257,2524
-67,-1030,2519
468,-1170,2848
189,-1351,3614
147,-1003,3379
126,-973,3521
-33,-1245,4133
2,-1309,3870
248,-1261,3384
465,-1187,2873
393,-1144,2542
224,-995,2029
120,-893,1720
46,-784,1622
-120,-529,1205
-315,-243,901
-400,1,767
-490,155,717
-613,339,347
-429,264,415
-307,210,525
-112,-33,942
-256,-15,848
130,-477,1368
263,-662,1768
109,-880,1915
-26,-1287,2709
370,-1152,2880
269,-1084,2998
251,-1179,3440
221,-1041,3353
398,-1081,3327
81,-1056,1542
-113,-987,3588
41,-1006,3410
144,-998,3312
347,-904,2884
352,-870,2466
250,-678,1870
325,-724,2139
219,-437,1587
13,-214,1230
-11,-161,1236
-106,-30,1083
-188,-22,178
-315,-13,1365
-223,60,1517
-321,106,1622
-309,153,1800
-300,58,2016
-31,146,1999
15,128,2100
-13,45,2278
54,51,2290
141,52,2268
-76,76,2247
-14,62,2259
-116,95,2141
-110,88,2100
-10,100,2050
-87,38,2179
-80,107,2129
-3,90,2077


















-,-,-
-98,65,1894
-138,110,1705
-137,129,1625
-202,144,1327
-171,133,966
276,164,219
728,-357,325
394,-834,1036
178,-1087,1546
649,-1213,1471
-105,-1498,2309
-434,-1758,3404
-330,-1710,3546
-436,-1517,4004
-8,-1344,3835
-151,-1253,3922
72,-1368,4026
221,-1340,3587
432,-1368,3312
642,-1371,3238
429,-1218,2722
398,-1062,2432
322,-891,1955
199,-919,1914
-19,-521,1304
-284,-258,845
-380,2,396
-426,64,635
-596,338,-19
-556,238,-33
-494,64,295
-312,108,226
-369,22,229
-132,-295,829
298,-752,1202
286,-1124,2230
160,-1142,2687
522,-1308,2927
344,-1300,3160
205,-1218,3207
290,-1357,3568
79,-1410,3622
-178,-1358,3670
-307,-1510,3990
-224,-1413,3740
-14,-1240,3307
67,-1234,2974
12,-1193,2877
66,-1032,2403
-31,-844,2013
16,-611,1538
116,-217,1021
-128,-22,775
-48,88,875
-127,33,1051
-82,61,1115
-48,132,1144
-346,194,1277
-390,251,1508
-268,262,1581
-486,217,1912
-435,189,2199
-313,430,2135
-324,151,2303
-604,188,2348
-248,173,2397
-358,98,2197
-529,112,2245
-294,256,1993
201,154,2289
-476,348,2279
-383,377,2096
-281,200,2280
-271,228,2352
-607,250,2042


















-,-,-
-152,-37,1947
-171,-16,1790
-170,-59,1819
-56,-13,1671
151,-54,1349
112,-28,1195
197,-81,1180
-12,-337,1338
12,-581,1722
509,-691,1570
-141,-988,2080
-301,-1107,2725
391,-1246,2325
72,-1270,2775
-256,-1104,3102
-338,-1169,3102
-530,-1252,3784
-379,-1352,4110
-134,-1473,3879
-137,-1411,3584
-111,-1358,3244
-192,-1261,2951
-30,-1197,2637
54,-976,1944
-1,-668,1480
-36,-419,1122
-150,-202,956
-120,-37,659
-379,147,473
-159,191,204
138,92,129
210,61,253
215,-119,687
55,-162,950
183,-551,1209
165,-680,1705
55,-873,2117
-116,-1155,2448
54,-1662,2772
-552,-1660,3594
-441,-1651,3535
-784,-1672,3794
-932,-1602,4017
-774,-1508,3895
-562,-1402,3350
-483,-1342,3066
-178,-1248,2656
-262,-997,2381
-81,-842,1844
-133,-572,1501
-187,-379,1281
-17,-190,879
13,-92,900
5,-9,1063
18,60,1242
55,85,1238
-173,81,1682
-98,209,1780
-152,238,1958
-55,151,2119
-75,184,2221
55,167,2266
-53,147,2224
13,157,2316
8,181,2163
-75,144,2181
-54,175,2135
155,119,1995
-77,144,1978
-166,119,2060
-323,85,2117
-442,46,2097
-506,-28,2069
-654,-5,2038


















-,-,-
4,-10,1891
114,-29,1558
202,-29,1217
361,-82,950
411,-52,503
410,-270,868
443,-547,1050
-309,-876,1830
-243,-982,2444
144,-1142,2382
-241,-1256,3073
187,-1335,3566
-103,-1281,3758
-132,-1267,4321
5,-1188,4131
204,-1227,3962
189,-1214,3645
319,-1198,3342
402,-1020,2688
229,-847,2378
190,-709,1886
-2,-444,1510
-107,-239,1108
-264,-215,972
-312,-77,573
-364,-3,318
-102,17,241
-161,147,-130
-36,198,-83
153,77,7
156,-434,770
-185,-821,1609
294,-1071,1912
-96,-1343,2779
22,-1307,3322
171,-971,2972
208,-1055,3356
-5,-1202,4206
297,-1115,4130
57,-1206,4316
198,-1015,3766
436,-1010,3486
404,-884,2953
351,-775,2576
268,-685,2322
88,-444,1716
-73,-400,1521
-190,-359,1502
-294,-243,1130
-175,-155,1005
-122,-128,1256
-286,116,1081
-188,176,1226
-316,178,1583
-389,245,1635
-339,283,1890
-238,175,2051
-263,212,2178
-124,189,2253
-30,183,2262
15,133,2371
-155,181,2306
-135,196,2251
-6,223,2132
-117,187,88
-116,170,2095
-86,147,2141
-112,193,2101
-184,213,2127
-228,200,2078
-250,150,2210
-237,133,2031
-161,100,1974
-269,-5,1818
-577,47,2021


















-,-,-
-138,-59,2208
-49,-10,2026
-65,-27,1869
-21,-88,1745
42,-148,1500
338,-126,986
398,-228,811
145,-239,801
250,-233,842
-2,-374,1029
84,-854,2025
-172,-1152,2884
32,-1368,3646
454,-1309,3486
509,-1325,3890
424,-1068,3875
348,-1015,3857
211,-1118,3776
433,-1238,3663
532,-1220,3059
659,-1103,2634
580,-990,2214
375,-819,1814
48,-626,1510
-135,-396,1258
-219,-300,1156
-471,-43,772
-474,168,497
-399,265,287
-238,163,334
-173,190,275
55,-50,530
211,-286,794
270,-548,1335
346,-844,2317
672,-981,2343
493,-1189,2975
308,-1097,3366
458,-1077,3046
350,-1115,3584
395,-977,3281
418,-1078,3463
469,-1145,3509
480,-1022,3125
421,-848,2961
538,-870,2795
451,-831,2696
384,-629,2262
233,-620,2014
154,-601,1942
183,-471,1465
48,-388,1493
-116,-220,1486
-59,-79,1523
-73,-13,1463
-107,113,1398
-52,252,1449
-263,324,1529
-149,330,1648
34,252,1908
26,232,1935
109,266,2074
134,227,2180
219,127,2361
201,118,2303
-46,142,2310
-142,107,2296
-270,53,2068
-380,-68,1908
-719,-24,1815
-783,190,1539
-191,130,1590
-245,147,1683
-306,-85,2193
51,-298,2614


















-,-,-
-148,53,1852
-125,33,1628
19,14,1262
397,47,500
500,-81,373
297,-243,814
675,-681,1091
30,-852,1794
204,-1284,2847
19,-1532,3853
124,-1388,3916
254,-1082,4003
240,-1000,4337
233,-997,4133
390,-1196,4115
751,-1228,3642
704,-1124,3097
641,-983,2523
706,-872,2095
415,-722,1767
266,-563,1202
-138,-197,710
-468,112,202
-512,254,124
-601,369,-53
-821,417,-266
-647,222,81
-192,-131,463
181,-455,519
348,-902,1341
292,-980,1670
1021,-1497,2095
867,-1489,2829
347,-1448,3913
761,-1566,4158
267,-1472,4448
400,-1341,4444
-23,-1288,4238
-287,-1302,3895
351,-1076,3067
444,-1044,2639
300,-974,2397
328,-755,1885
491,-593,1240
30,-348,1078
-327,-236,1437
-409,-60,975
-357,-79,1282
-359,-74,1395
-381,87,1355
-277,58,1504
-351,138,1690
-502,162,1888
-271,96,2047
-294,71,2155
-224,79,2314
-291,116,2216
-91,47,2253
-116,122,2176
-71,117,2185
-173,143,2144
10,175,2031
-59,98,2128
-106,119,2144
-242,141,2181
-116,107,2181
-3,122,2078
-128,151,2145
-121,150,2124
-131,100,2126
-193,110,2123
-158,133,2096
-102,109,2130
-123,120,2095
-138,63,2137


















-,-,-
200,-54,1566
368,-55,1298
229,-110,1395
73,-146,1317
401,-225,1100
153,-312,1358
-585,-452,1926
-175,-719,1872
142,-914,1966
-539,-932,2850
-337,-995,2910
-121,-1051,3200
-20,-1193,3673
-59,-1270,3999
200,-1153,3893
373,-1118,3600
334,-1026,3291
442,-1004,3039
451,-1006,2844
332,-874,2637
189,-754,2267
92,-628,2084
19,-396,1578
-59,-396,1777
-226,-282,1479
-241,-177,1215
-464,1,983
-457,189,845
-326,324,690
-330,316,455
-279,267,494
-306,257,735
-239,190,639
148,-102,766
258,-242,1163
276,-470,1490
499,-729,1882
332,-939,2380
354,-993,2698
-26,-1050,3049
-466,-926,3396
-136,-1092,3625
-232,-1198,3806
-268,-1100,3608
-59,-1218,3749
-48,-1163,3460
211,-1033,3132
254,-892,2878
192,-893,2675
151,-893,2752
297,-643,2291
106,-581,2099
248,-437,1715
2,-255,1345
-110,-90,1188
-202,-88,1199
-353,-127,1448
-211,-58,1233
-249,22,1129
-255,5,1606
-219,166,1516
-252,176,1651
-362,175,1962
-249,175,2001
-130,142,2147
-155,116,2256
-130,166,2270
-126,110,2345
-53,92,2281
-183,135,2214
-194,174,2261
-185,137,2205
-184,158,2049
-54,206,2045
-250,130,2171


















-,-,-
-204,116,2148
-230,183,2155
-234,111,2216
-101,130,2159
-176,143,2122
-195,124,2127
-239,119,2060
-217,124,1910
-191,117,1790
-227,95,1584
-191,39,1482
72,39,1234
426,40,968
192,-138,1258
340,-252,1110
370,-468,1223
356,-797,1866
126,-837,1578
-270,-1174,2733
-392,-1184,2659
-1191,-1076,2780
-1059,-1096,3105
-297,-1182,2914
-226,-1391,3430
-113,-1257,3697
62,-1193,3661
139,-1375,3977
396,-1380,3780
421,-1202,3250
621,-1062,2769
534,-990,2407
217,-850,2080
83,-641,1635
-217,-385,1239
-244,-300,1129
-352,-355,1244
-511,-145,738
-597,27,595
-514,110,457
-517,210,217
-247,352,-122
26,38,228
447,-497,820
535,-683,1290
297,-803,1679
336,-1124,2542
409,-1193,2743
237,-1109,2854
187,-1300,3461
76,-1318,3636
-323,-1130,3559
-302,-1148,3944
-606,-1248,4335
-417,-1127,3786
-155,-1036,3390
495,-1148,3006
384,-1129,2812
322,-895,2258
80,-664,1863
126,-397,1423
87,-243,1080
-31,-124,983
-69,-153,1187
-106,32658,1034
-22,-116,1341
-271,-3,1519
-475,205,1523
-334,194,1623
-272,166,1791
-480,308,1931
-291,239,2070
-250,91,2256
-243,89,2330
-206,133,2281
-61,153,2152


















-,-,-
-284,98,1559
-33,37,1294
379,0,808
52,3,835
26,11,787
63,-55,431
142,-430,842
141,-905,1886
-31,-1576,2711
299,-1857,3358
625,-1631,3377
232,-1337,3824
373,-1044,3794
487,-1052,3831
239,-1227,4192
460,-1386,4185
602,-1229,3462
322,-985,2834
347,-978,2547
87,-1022,2484
-83,-798,1844
24,-828,1472
-186,-557,1182
-310,-330,1097
-580,-117,594
-565,19,639
-423,14,805
-384,84,400
-229,110,221
-34,125,161
241,-54,271
512,-261,349
121,-516,1283
19,-983,2344
-86,-1151,2834
253,-1309,3565
576,-1460,3890
208,-1231,3986
108,-1093,3872
-46,-1399,4344
-89,-1452,4115
66,-1330,3690
157,-1147,3126
242,-1006,2752
272,-1013,2308
56,-808,1927
-54,-515,1422
-221,-389,1159
-227,-257,1119
-77,-113,1104
-181,36,888
-320,176,944
-307,200,1311
-176,232,1336
-417,168,1580
-444,140,1916
-230,115,2207
-180,43,2149
-261,51,2196
-203,-9,2462
-68,-12,2320
-161,-60,2347
-142,-33,2398
-125,17,2189
-80,22,2046
-202,32,2114
-316,98,2032
-152,25,2006
-287,-6,2013
-442,12,2097
-505,-13,1888
-366,-76,1875
-699,-150,2023
-1128,-163,1983
-903,15,1972


















-,-,-
-142,2,2118
-57,34,1936
-202,29,1942
-167,-13,1722
106,-91,1388
254,-60,993
457,-121,837
391,-262,553
392,-726,903
122,-739,1470
-487,-744,2026
-405,-938,2279
300,-1348,2588
-298,-1688,3482
-503,-1513,3633
257,-1164,2846
166,-1204,2834
39,-1336,3504
-50,-1477,3926
121,-1566,3942
176,-1458,3485
157,-1329,3065
137,-1246,2636
65,-1103,2333
98,-943,1890
29,-542,1355
-108,-256,1026
-205,-79,855
-297,-55,858
-201,-23,791
-205,16,672
-147,193,234
104,253,-53
363,100,-68
172,-82,281
395,-486,884
-226,-881,1890
337,-1222,2224
127,-1527,2871
82,-1481,3151
-68,-1329,3200
-356,-1421,3664
-145,-1529,4068
-564,-1402,4040
-197,-1334,3828
-215,-1285,3717
33,-1337,3499
130,-1162,2876
223,-982,2492
-163,-753,2064
-122,-584,1755
-104,-514,1478
19,-559,1416
-19,-344,1030
-175,-51,929
-90,-83,1147
-69,1,1134
-193,199,1206
-287,231,1454
-183,217,1759
-390,265,1792
-276,196,2128
-196,157,2268
-209,78,2259
-163,91,2260
-163,113,2158
-243,60,2208
-383,51,2132
-427,39,2056
-640,-27,1966
-553,-61,2074
-625,-48,1971
-687,-104,2065
-572,-20,2153
-285,-23,2208


















-,-,-
-239,81,2093
-216,134,2113
-207,71,2131
-167,91,2017
-207,58,1908
-174,101,1841
-275,70,1714
-300,49,1628
-42,4,1029
-4,-23,761
233,-166,627
482,-383,645
503,-857,1234
-168,-952,1952
-27,-1144,2507
-171,-1407,2991
-208,-1510,3651
-35,-1183,3282
41,-904,3124
-61,-998,3585
-137,-1208,4147
31,-1294,4041
173,-1299,3813
284,-1240,3460
226,-1235,3143
170,-1033,2521
61,-917,2291
34,-821,2020
61,-639,1597
-35,-440,1311
-71,-187,898
-187,10,507
-207,142,546
-216,247,396
-143,214,194
-4,245,73
-229,272,141
-80,59,312
211,-319,493
-140,-663,1295
-27,-920,1945
397,-1337,2246
-112,-1536,3062
-605,-1329,3413
170,-1273,2988
-58,-1399,3536
-529,-1464,4301
18,-1362,3980
407,-1269,3514
331,-1301,3494
458,-1294,3327
468,-1243,2798
412,-1151,2622
414,-1019,2460
206,-853,2218
62,-619,1796
-165,-513,1570
-411,-399,1407
-527,-246,1120
-665,-62,996
-406,64,959
-286,-13,1169
-436,108,1193
-369,142,1469
-317,71,1635
-197,53,1855
-259,132,1994
-193,154,2148
-270,52,2303
-323,20,2367
-142,63,2298
-101,37,2181
-234,60,2280
-220,103,2197
-243,34,2185


















-,-,-
-156,58,2135
-229,84,2101
-247,113,2134
-198,129,1928
-262,174,1887
-110,179,1659
-141,164,1551
-360,87,1395
-121,-197,1323
632,-350,715
873,-400,254
50,-431,801
-222,-574,1441
-30,-854,1516
-539,-1332,3115
-379,-1407,3535
-540,-1294,3676
-522,-995,3220
-350,-806,2765
268,-861,2968
-125,-1125,3643
-25,-1340,4173
375,-1407,3930
437,-1358,3709
525,-1284,3181
400,-1148,2996
73,-911,2275
-166,-586,1816
-147,-335,1614
-452,-284,1419
-367,-196,1131
-291,-186,1009
-231,-228,1146
-294,61,502
-167,290,61
40,329,31
134,208,216
128,200,303
361,-159,599
537,-466,798
245,-651,1511
442,-935,1778
-309,-1202,2193
-694,-1230,3229
72,-1380,3305
-719,-1468,3780
-262,-1363,3912
429,-1323,3559
195,-1496,3810
-316,-1396,4036
62,-1280,3674
40,-1104,3125
80,-1076,2995
308,-967,2491
277,-892,2100
236,-783,1789
176,-635,1620
39,-368,1193
-107,-181,899
-346,-103,42
-347,-5,1214
-373,51,1102
-469,95,1283
-489,123,1429
-497,242,1594
-382,276,1601
-388,147,1854
-439,53,2400
-221,73,2251
-212,72,2320
-249,29,2426
-288,110,2299
-155,177,2071
-233,185,2056
-215,96,2203


















-,-,-
-252,152,2082
-287,208,2138
-363,183,2151
-180,78,2295
-120,60,2144
-141,96,1979
-169,128,1728
-324,131,1486
-342,70,978
41,-83,272
853,-211,-279
780,-353,288
119,-524,1334
-282,-987,2519
-267,-1271,3587
24,-1244,3180
-48,-1206,3501
358,-1081,3362
1,-980,3325
-215,-1228,4122
-14,-1302,4402
13,-1282,4035
-88,-1204,3628
162,-1193,3228
253,-1177,2665
198,-1079,2259
-76,-878,2073
-177,-688,1719
-358,-484,1360
-388,-231,972
-579,60,804
-520,218,596
-345,352,295
-91,374,365
39,276,378
-44,282,346
168,287,363
414,7,632
226,-187,939
282,-320,1315
19,-793,2069
11,-1090,2690
-83,-1233,2941
-156,-1603,3739
227,-1547,3583
-70,-1378,3821
311,-1366,3516
-244,-1354,3815
-325,-1217,3599
76,-1102,3220
-270,-1131,3123
-344,-1083,3146
-129,-994,2553
-117,-925,2233
-110,-811,1944
-204,-529,1512
-126,-123,1048
-180,-75,1157
-106,156,294
-138,156,808
-130,-48,1337
-148,-23,1415
-98,151,1611
-186,198,1870
-100,168,2239
66,95,2182
123,83,2185
-116,56,2344
-66,86,2302
84,100,2123
-148,103,2295
-228,60,2262
-176,86,2213
-237,106,2184
-187,64,2097


















-,-,-
-161,154,1980
-200,206,1726
-105,304,1348
-91,393,1091
-112,425,849
-27,541,429
203,191,507
658,-394,222
721,-1222,1413
336,-1473,2031
163,-1569,2311
-144,-1617,2684
-422,-1351,2790
-447,-1351,3320
-537,-1157,3470
-592,-1327,4084
-189,-1298,3975
-105,-1288,3916
42,-1287,3915
106,-1285,3829
320,-1271,3463
450,-1198,2975
505,-1170,2600
355,-893,2066
94,-749,1932
-72,-588,1518
-226,-362,1172
-88,-180,768
-317,39,549
-369,277,167
-517,266,154
-354,238,138
-54,241,-122
-69,106,106
-12,-54,361
238,-309,490
6,-612,1202
144,-879,1942
377,-1316,2367
-154,-1605,3386
-266,-1421,3589
-77,-1267,3356
-92,-1302,3714
74,-1405,4070
-128,-1454,4224
-303,-1337,4038
176,-1234,3552
76,-1165,3099
98,-1152,2938
200,-1102,2625
-10,-942,2149
-59,-742,1835
-194,-652,1567
-472,-474,1328
-358,-322,1090
-269,-229,809
-252,-116,985
-226,0,1001
-167,39,1153
-207,128,1369
-479,270,1604
-202,229,1811
-192,200,2097
-166,212,2205
-129,144,2342
-87,120,2355
-75,58,2360
-111,-47,2477
-170,50,2348
-17,88,2125
-23,15,2209
-143,59,2106
-151,103,2134
-143,90,2095
