-,-,-
484,2044,489
469,2062,505
470,2029,462
487,2034,450
479,2064,438
477,2019,430
500,2079,449
499,2034,529
482,2067,459
491,2024,450
482,2039,445
483,2049,432
509,2107,496
502,2166,472
541,2216,547
525,2237,613
516,2216,666
468,2138,668
503,2029,672
479,1989,659
459,1990,751
470,2029,773
489,1990,948
452,1923,890
438,1887,853
411,1793,839
407,1676,810
359,1631,672
371,1511,476
355,1389,285
354,1327,40
273,1288,-268
246,1332,-482
193,1473,-529
106,1728,-392
-28,2023,-583
-37,1963,-370
-117,2356,32
-152,2511,-72
-135,2371,-72
-198,2616,201
-310,2893,194
-312,2709,70
-278,2789,513
-440,3022,578
-401,2913,761
-515,2765,920
-605,2826,681
-629,2616,642
-690,2622,792
-724,2552,1038
-755,2486,1063
-715,2414,902
-535,2218,1061
-532,2297,1087
-472,2259,750
-297,2138,688
-243,2205,757
-241,2171,774
-190,2239,714
-121,2201,987
-99,2295,966
-32,2039,1009
24,1924,988
15,1885,835
91,1586,681
134,1166,288
238,725,-233
467,416,-774
671,570,-1033
819,1108,-835
783,1834,-882


















-,-,-
662,2044,193
647,2083,186
638,2085,199
663,2064,211
647,2059,166
647,2033,198
642,2066,208
646,2044,222
636,2041,247
618,2057,191
617,2036,188
629,2016,194
620,2097,179
623,2106,379
684,2310,984
584,2592,1482
465,2330,1438
429,1956,1124
472,1584,793
399,1347,632
486,1286,540
584,861,597
396,457,273
127,520,-549
-255,1104,-1729
-419,1526,-1912
-593,1694,-1008
-873,2785,-568
-915,3452,48
-804,3223,690
-795,2947,243
-580,2389,612
-854,2594,1272
-1126,2908,909
-950,2731,1245
-1184,2924,1206
-1166,2786,998
-1097,2704,914
-1068,2625,1106
-1058,2530,839
-929,2555,1045
-890,2460,1023
-805,2324,970
-665,2289,867
-573,2412,993
-440,2263,882
-271,2094,868
-170,2132,850
-110,2141,859
-67,1932,1032
-89,2005,1152
-69,1546,1285
-25,1153,886
168,743,186
444,235,-263
529,575,-345
496,1450,-303
674,1752,-339
726,1908,-241
714,2343,-416
806,2496,-345
831,2496,-175
854,2512,76
868,2310,125
852,2145,164
779,2091,321
702,2012,275
697,1898,299
684,1893,296
695,1854,342
671,1858,334
708,1898,336


















-,-,-
630,2028,431
656,2008,407
663,1942,386
659,1997,400
650,1992,396
633,2017,396
664,2011,468
666,2014,393
689,1980,397
687,2035,403
670,2020,397
664,2033,411
662,2078,444
656,2171,991
653,2359,1587
665,2393,1867
601,2296,1697
499,1748,1199
427,1327,534
531,992,214
639,374,255
580,68,601
113,847,154
-109,1177,-768
-182,1236,-1445
-266,1051,-128
-834,2346,683
-983,2437,234
-824,2357,1499
-1459,2878,2242
-1683,3253,745
-1235,2561,1357
-1723,2911,2422
-2151,3488,1251
-1876,3379,1665
-1982,3777,1299
-1747,3156,1509
-1626,3000,1504
-1442,2589,1412
-1212,2179,1580
-1039,1903,1446
-677,1712,1692
-532,1529,1434
-228,1345,1479
-172,1417,1250
-44,1177,1032
85,937,795
121,918,230
165,823,-393
330,815,-776
498,1054,-671
653,1261,-416
761,1491,-389
886,1789,-302
873,2203,-57
879,2509,72
871,2622,77
917,2446,104
896,2165,164
892,1994,233
805,2036,325
770,1969,382
727,2036,337
726,1947,333
700,1878,288
706,1908,311
720,1904,328
714,1919,372
733,2016,335
724,2044,328
687,2083,286
707,2054,260


















-,-,-
607,2062,451
583,2013,392
568,2051,340
583,2105,363
616,2098,411
626,2052,433
629,1978,425
659,2006,511
651,2019,578
679,2007,615
700,1826,604
723,1883,824
711,2161,1197
711,1957,1510
694,1329,1897
527,810,1832
424,28,834
244,-209,-1143
-96,887,-1668
-277,1503,-1669
-390,1886,-735
-1030,2835,-444
-1012,3181,-750
-763,2615,-101
-935,2131,1455
-1455,2991,828
-1187,2550,856
-1311,2032,1332
-1584,2260,1251
-1665,2260,1550
-1933,2474,1594
-1851,3093,1242
-1702,2876,1191
-1598,2586,1010
-1421,2421,857
-1376,2535,804
-1270,2349,796
-1213,2499,768
-1016,2309,741
-781,2013,802
-660,2090,888
-352,1825,997
-110,1415,1296
-42,1377,1333
77,1442,978
280,928,591
207,1058,129
193,963,-743
305,1183,-1368
456,1466,-1526
969,1105,-1286
988,1575,-586
934,2130,-164
974,2208,5
921,2258,73
816,2471,29
806,2145,-7
726,2014,48
658,2058,40
688,2087,147
684,2011,233
679,1982,182
702,2016,164
683,1999,152
690,1985,282
710,2091,91
783,1985,-12
797,1882,22
793,1925,91
762,2081,64
750,1971,98
748,2006,162


















-,-,-
613,2069,295
622,2040,273
648,2053,214
673,2056,237
644,2101,225
641,2044,247
622,2065,236
646,2075,367
612,2044,383
607,2052,305
620,2062,255
615,2030,336
607,2127,535
639,2192,895
646,2217,943
638,2083,766
601,1915,547
610,1686,553
556,1700,406
588,1450,338
633,1442,515
618,1175,447
424,983,645
127,1281,244
86,1330,-327
11,1007,-328
-389,1776,115
-711,2056,164
-883,1916,684
-1270,2677,916
-1437,3301,656
-1292,2574,1167
-1460,2400,1764
-1649,2635,1049
-1642,2381,2206
-1988,2707,1762
-1920,2978,1946
-1909,2613,1620
-1786,2702,1020
-1612,2445,1438
-1678,2137,1323
-1399,2543,1112
-1200,1946,1259
-876,1643,1185
-593,1534,1286
-434,1188,1062
-358,1635,820
-357,1820,403
-255,1416,91
120,1249,-233
289,993,-664
535,1038,-986
630,1221,-820
600,1654,-642
705,1906,-334
709,2351,-333
792,2076,-95
750,2106,-27
774,2011,37
781,1978,-83
770,1955,-85
736,2016,-83
723,2034,31
690,1975,112
675,1960,-30
700,2012,213
612,1967,208
655,2082,329
662,2168,293
676,2182,302
662,2183,180
675,2019,134


















-,-,-
590,2039,210
581,2053,238
590,2050,215
571,2037,203
612,2056,245
629,2100,226
605,2117,216
606,2079,212
601,2002,190
593,2000,261
596,2033,266
605,2038,279
648,2058,280
649,2032,240
635,2040,230
628,2062,230
636,2074,223
614,2081,231
601,2131,245
622,2191,353
661,2270,754
570,2413,1187
438,2459,1407
374,2455,1499
319,2131,1247
451,1751,1141
583,1006,735
664,654,295
684,568,-235
496,615,-1235
503,905,-1652
349,988,-1054
-270,1250,23
-849,2202,359
-869,2327,652
-1012,2321,1152
-1231,2921,1518
-1314,2555,761
-1239,2388,946
-1527,2539,1259
-1560,2707,1097
-1363,2502,1374
-1370,2566,1727
-1417,2732,1789
-1569,2898,1440
-1557,2732,1326
-1473,2788,1159
-1401,2604,1021
-1234,2423,1114
-1032,2138,1347
-811,1927,1711
-716,1776,1942
-555,1879,1701
-362,1479,1177
-253,1488,656
-86,1086,80
172,824,-305
349,805,-605
569,734,-696
688,1200,-679
744,1646,-200
746,1907,-251
804,1939,-154
785,2005,-219
834,1947,-269
768,2061,-301
798,2141,-172
810,2184,-62
813,2091,-61
811,1996,129
724,2070,129
678,2020,162


















-,-,-
631,2114,350
630,2140,269
628,2082,251
597,2068,223
609,2009,233
601,1987,226
608,1985,260
603,2010,291
619,2062,229
634,2027,279
617,2074,309
615,2139,247
649,2060,238
649,2140,225
652,2210,313
688,2289,753
650,2510,1225
583,2496,1140
559,2340,1188
542,2059,1235
475,1280,1108
513,900,1278
495,736,1030
529,96,-484
503,-242,-1183
-29,158,-835
-789,1800,-376
-1169,1840,-132
-1621,1843,-351
-2069,2413,561
-2026,2805,1568
-2081,2468,1167
-1787,2140,1371
-1887,2155,1244
-2089,2285,993
-2201,2293,1198
-2357,2536,1056
-2424,2765,1221
-2207,2404,1306
-2094,2690,2006
-2117,2655,1676
-1692,2326,1724
-1421,2349,1751
-1092,2081,1646
-835,1770,1554
-593,1858,1367
-418,1514,1248
-159,1130,1277
2,932,874
125,815,451
195,701,-395
301,758,-1287
442,1157,-1500
524,1710,-1332
603,1905,-859
743,2003,-413
910,1875,-21
970,1800,210
1008,1865,248
972,1878,243
931,1891,154
858,1981,-14
834,1973,41
809,2074,86
776,2067,163
769,2078,153
785,1933,194
740,1911,255
663,2101,183
688,2019,211
640,2116,229
621,2119,211


















-,-,-
136,-22,152
-75,164,-875
-748,680,-2091
-988,2791,-1601
-1054,3660,-1561
-646,2610,-1771
-584,2380,-1231
-640,1923,444
-1256,3008,37
-1019,2579,179
-1240,2256,1440
-1647,3644,911
-1324,2866,1087
-1266,2449,1610
-1432,2819,1766
-1414,2387,1397
-1201,2050,1379
-1322,2113,1629
-1418,2488,1685
-1393,2411,2150
-1404,2677,2161
-1218,2683,1770
-929,1941,1712
-745,1679,1248
-295,1046,1012
-121,1171,618
56,1015,706
80,1026,-163
353,381,-1062
614,101,-1975
942,570,-1385
707,1598,-1272
817,1904,-642
757,2423,-400
872,2374,-139
952,2146,-2
961,2062,40
923,1996,122
857,2016,81
778,2046,-97
807,1950,98
742,2036,92
781,1938,214
775,1916,179
749,1979,182
726,2040,60
742,1994,151
695,2031,148
691,2080,30
710,2020,110
707,2069,183
674,2105,169
734,2047,84
749,1948,151
721,2005,190
718,1963,138
722,1933,98
670,2007,80
672,2028,108
680,2066,144
698,2019,118
719,1962,164
712,2018,149
725,2004,148
744,2006,119
724,2012,143
706,2069,74
715,2009,141
729,2037,117
718,2041,126
715,2006,155
706,2040,112


















-,-,-
711,2085,316
695,2023,340
679,2079,363
680,2024,348
700,1979,446
712,2024,333
717,2036,324
718,1983,304
709,1955,300
698,1956,340
701,1978,331
706,2012,434
698,2078,432
677,2058,453
667,2062,591
656,2041,892
632,2088,1260
614,2114,1158
635,1943,1005
629,1606,886
590,1142,931
472,855,266
486,690,-359
447,407,-1061
118,822,-1053
-294,1314,-673
-739,1489,-363
-1178,1908,376
-1723,2429,918
-1901,2846,935
-1929,2525,1327
-2039,3005,1448
-1995,2906,1658
-1950,2464,1797
-1979,2462,1736
-2104,2282,1986
-2140,2353,1711
-2027,2168,1811
-1978,2285,1478
-1800,2175,1177
-1524,1928,1773
-1430,1970,1592
-1156,2243,977
-886,2021,1187
-785,1785,743
-604,1761,531
-300,1493,527
-196,1301,147
-67,1053,-358
415,420,-765
660,510,-743
653,771,-1192
761,1056,-1024
732,1520,-811
808,1907,-629
862,2279,-383
876,2434,-355
864,2286,-392
831,2142,-247
738,2095,-175
667,2108,-48
629,2124,19
605,2141,-79
634,2044,26
626,2001,-37
622,1943,-41
621,1955,23
619,1988,21
631,2033,39
615,2125,-63
688,2089,-52
666,2011,-102


















-,-,-
603,2028,50
604,1968,86
575,2088,131
636,2027,189
636,2086,187
600,2148,81
586,2111,130
579,2077,93
563,2052,80
582,2031,101
596,2084,144
588,2050,130
589,2059,159
592,2067,104
632,2075,78
634,2085,47
628,2163,73
629,2227,261
697,2318,756
678,2475,1307
698,2243,2048
696,1708,2345
575,1223,1827
408,850,971
182,506,106
-90,180,-1015
-184,126,-2004
-630,824,-2247
-1162,1189,-1683
-1785,1504,-926
-2057,2117,204
-2268,2790,1493
-2235,3302,1191
-1865,2280,680
-1645,2073,1511
-1908,2079,1781
-2070,2393,1454
-2110,2468,1407
-2172,2351,1067
-2094,2483,860
-2037,2104,1144
-1834,1968,1607
-1579,2192,1653
-1208,2088,1359
-903,2334,1545
-869,2367,1248
-640,2107,915
-454,2236,924
-378,2179,786
-179,1835,914
29,1354,1441
-92,1146,384
36,1323,188
-48,921,-322
68,1267,-941
270,1578,-1200
430,2055,-1135
493,2082,-1097
596,2129,-850
729,2019,-368
784,1988,-183
851,1939,-123
886,1872,49
809,1897,272
701,1968,127
664,1810,366
512,2163,96
588,2050,-11
633,2135,-44
709,2040,73
715,1999,152
658,2090,190


















-,-,-
550,2057,221
556,2049,212
558,2072,226
552,2046,208
531,2097,206
539,2053,205
548,2076,218
534,2102,222
532,2071,241
501,2087,214
527,2080,251
507,2081,162
565,2060,190
550,2211,179
552,2315,290
579,2469,753
595,2496,1492
617,2928,2274
503,2886,2318
385,1688,1714
341,518,838
351,113,466
128,599,-592
-9,277,-1463
-108,601,-1791
-423,1476,-1219
-767,1788,-1007
-710,2098,-299
-781,2616,535
-1024,2853,418
-901,2724,603
-1071,2165,1346
-1437,2571,872
-1420,2263,1445
-1716,2338,1670
-1877,2539,1523
-1970,2505,1761
-2040,2533,1896
-2058,2478,1953
-1954,2443,2026
-1918,2455,2117
-1751,2613,1995
-1623,2481,1944
-1524,2318,1397
-1180,1462,1091
-633,987,845
-154,865,777
-16,1202,703
61,1380,518
128,1327,204
468,928,-260
599,665,-1104
601,1147,-1588
729,1757,-1372
715,1938,-1192
883,2039,-586
910,2117,-241
999,1986,33
977,1997,64
967,1921,41
916,1838,14
826,1837,118
730,1955,91
746,1863,142
721,1965,179
775,1960,208
768,2024,175
800,1942,118
755,1908,19
789,1957,94
728,2081,135
730,2125,83


















-,-,-
656,2026,180
679,2078,172
698,2000,148
712,1990,160
677,2019,107
731,1986,179
724,2055,230
693,2082,183
702,2056,163
711,2043,182
708,2023,163
713,1962,210
722,2020,210
691,2057,198
705,2030,149
702,2009,140
728,2053,203
739,2104,404
813,2390,732
881,2585,1069
873,2661,1666
727,2484,2185
581,1739,1668
630,1327,1209
570,1030,453
592,413,-182
354,-134,-1067
44,-202,-1529
-412,534,-1274
-1003,1422,-563
-1236,2309,-284
-1053,2521,-423
-927,2058,222
-1124,2808,1179
-1479,2408,1116
-1484,2363,1242
-1555,2194,1950
-1790,2441,1346
-1654,2212,1336
-1779,2387,983
-1837,2395,1126
-1827,2454,1415
-1860,2562,1767
-1868,2758,1842
-1823,2667,1764
-1737,2685,1481
-1674,2645,1466
-1541,2263,766
-1084,2131,543
-780,1998,1312
-772,1875,2098
-705,1274,1207
-312,1232,1322
-235,1075,479
-131,1329,-408
-9,1186,-1188
160,1514,-1421
691,959,-1062
864,1016,-1207
1000,1398,-932
1158,1593,-473
1193,1763,-177
1128,1974,-230
1117,1911,-140
904,2172,-134
822,2065,-97
792,2040,109
778,2001,90
819,1865,132
777,1842,179
766,2054,163
746,2126,179


















-,-,-
697,2067,188
681,2108,146
690,2034,122
728,1975,158
710,1981,183
682,2035,168
678,2018,161
705,1956,207
670,2051,108
715,1996,188
700,2043,206
693,2021,173
711,2033,218
719,2040,143
736,2062,122
734,2025,161
730,2097,186
722,2150,467
775,2352,1077
733,2550,1543
797,2580,2198
668,1869,2214
563,1010,1639
413,345,537
296,2,-161
-132,386,-1185
-339,773,-1726
-597,1236,-1702
-880,1313,-915
-1400,2226,139
-1555,2924,668
-1462,2938,843
-1479,2743,1278
-1514,2610,1477
-1545,2493,1651
-1699,2436,1471
-1782,2701,1548
-1895,2697,1573
-1800,2723,1615
-1760,2653,1553
-1534,2642,1347
-1307,2390,1462
-1195,2410,1506
-914,2321,1567
-736,2043,1473
-536,1927,1086
-381,1895,825
-304,2010,917
-252,1534,842
-30,1542,807
88,1299,528
191,1173,7
274,1118,-449
395,1322,-728
513,1316,-987
606,1427,-999
756,1729,-847
795,1937,-644
754,2240,-494
758,2218,-386
778,1983,-153
773,2020,-59
769,2124,33
753,1812,126
743,2167,182
775,2043,83
775,2047,119
731,1998,74
749,1969,110
737,1932,97
716,2005,78
728,2050,124


















-,-,-
693,2027,124
682,2057,139
704,1993,155
686,2020,172
672,2035,137
671,1994,118
681,1962,119
698,1986,167
706,2020,205
688,2065,158
694,2000,148
685,2008,111
687,2010,119
683,2002,104
673,2046,142
699,2032,168
685,2090,148
714,2112,145
706,2103,36
726,2038,-167
741,1949,265
702,2397,1220
709,2964,1635
615,2877,1594
612,2194,1707
434,1926,1365
399,1124,878
399,726,218
528,366,-87
368,117,-1137
229,369,-1247
-149,1011,-1673
-192,1064,-1456
-582,1207,-732
-1155,2597,-594
-1138,2160,283
-1386,2104,1637
-1834,2779,877
-1514,2652,1033
-1692,2639,1297
-1881,2740,966
-1917,2674,1063
-2002,2809,1227
-2023,2769,955
-1966,2732,1456
-1994,2742,1677
-1846,2656,1939
-1788,2637,1505
-1399,2421,1044
-1234,2404,936
-1094,2464,460
-848,2266,372
-472,1505,789
-236,1213,1009
-233,1293,839
-75,1317,860
-114,1395,157
117,784,-786
301,1089,-1676
447,1439,-1658
634,1149,-1886
845,1500,-1463
825,1577,-1042
909,1898,-699
893,2065,-500
926,2150,-283
924,1967,-227
853,1905,-131
832,1726,-62
775,1817,102
702,1961,15
784,1872,190


















-,-,-
705,2000,0
716,2005,-9
719,2025,-10
713,2043,8
730,2023,-27
718,1986,-44
701,2003,-62
683,1945,-22
702,2013,57
722,2038,76
704,2040,34
725,2006,-39
708,2000,-22
715,2050,-82
740,2028,-58
678,2062,-69
653,2126,12
688,2123,-6
735,2163,18
765,2200,237
776,2325,601
799,2619,1195
687,2791,1414
705,2853,1715
742,1903,1628
753,1214,988
785,637,567
701,213,219
566,-12,-263
384,-26,-710
-170,895,-821
-643,1615,-264
-931,1914,-401
-999,1869,-39
-1304,2562,1066
-1288,2952,713
-1013,1726,733
-1263,1396,2077
-1787,2582,1094
-1605,2025,878
-1762,1854,1770
-2034,1757,1806
-2055,1848,1692
-2023,1840,1960
-2078,2216,1937
-2220,2529,1972
-2323,2829,1877
-2425,3262,1352
-2111,2891,1448
-1857,2356,1374
-1522,2325,1481
-1205,1726,1503
-868,1485,1509
-746,1449,995
-332,938,1081
-286,1252,510
-280,1137,-476
-49,1251,-1239
360,1028,-1638
639,1092,-1317
823,1320,-712
879,1473,-244
957,1773,18
996,1932,23
1039,1911,55
1068,1768,92
985,1837,66
953,1760,44
947,1797,204
782,2109,143
754,2163,174
778,2179,185


















-,-,-
600,2034,568
580,2021,557
597,1966,557
605,1970,588
598,1968,505
637,1959,522
622,2009,550
627,2056,528
636,2037,480
652,2029,508
631,2019,512
602,2011,476
589,1996,485
607,1954,485
614,1948,415
618,1976,455
590,1976,493
562,2031,461
574,1961,491
598,2044,526
629,2100,573
674,2247,1020
681,2554,1365
674,2669,2406
629,2780,3407
285,2147,2335
319,1392,1486
79,857,237
78,507,-621
-165,-149,-1801
-347,369,-1812
-756,1736,-1238
-750,1840,-1053
-455,1594,-337
-586,2310,201
-636,2414,243
-682,2518,374
-890,2285,400
-990,2595,846
-1162,2661,1558
-1564,2844,1704
-1775,3260,2234
-2120,3303,2312
-2030,3276,2181
-1907,3036,2629
-1842,3215,2702
-1654,2708,2310
-1372,2364,1961
-1018,1834,1524
-869,1514,1516
-565,1192,1144
-347,1067,1228
-277,685,482
-55,347,262
-117,575,-656
265,532,-658
318,982,-1065
433,1165,-814
404,1738,-705
465,2175,-256
455,2431,-249
478,2537,-153
514,2511,-130
551,2386,128
561,2415,205
500,2223,208
531,2205,155
490,2113,242
443,2198,214
437,2064,179
494,1934,308
447,2093,249


















-,-,-
485,2101,294
480,2132,268
485,2125,243
510,2121,247
505,2082,218
501,2061,297
476,2073,264
468,2074,258
486,2090,254
475,2081,286
496,2090,261
482,2096,279
468,2067,276
463,2127,263
464,2081,245
485,2066,247
504,2085,276
481,2128,281
473,2120,232
479,2075,228
468,2081,198
465,2079,156
448,2013,176
434,2073,61
462,2013,79
460,2097,25
475,2218,221
458,2446,391
417,2684,983
396,2882,1948
188,3336,2644
88,3084,2546
162,2321,2068
72,1237,1089
343,126,123
506,-374,-299
365,-335,-361
-130,504,-1221
-247,1408,-1460
-292,1367,-1103
-464,1530,-290
-745,2225,30
-692,2324,292
-856,2193,831
-1169,2126,1295
-1386,1905,1636
-1686,2552,1312
-1674,2234,1517
-1819,1907,1449
-1808,2263,1597
-2042,1888,2224
-2250,2212,2150
-2246,2322,2074
-2231,2422,1897
-2175,2484,1825
-2165,2502,1290
-1859,2329,1844
-1472,1786,1409
-1212,2035,1205
-950,1539,1075
-622,1281,1277
-504,1138,731
-262,1283,214
15,777,-219
195,739,-959
465,885,-1268
619,1145,-1035
525,1671,-694
600,1965,-165
650,2215,131
667,2306,165
761,2135,180


















-,-,-
451,2074,220
451,2067,206
454,2066,225
464,2100,225
458,2103,240
476,2101,236
452,2070,223
451,2087,279
426,2132,232
443,2105,264
465,2104,214
465,2069,223
460,2114,226
449,2137,240
451,2126,214
437,2045,212
445,2078,171
439,2073,168
431,2101,155
438,2066,157
427,2054,158
451,2079,154
451,2118,196
433,2236,134
441,2228,176
447,2240,226
470,2290,636
429,2371,1240
414,2725,1932
369,2681,2131
399,2306,2043
482,1803,1740
500,1183,1269
488,603,767
526,436,400
468,201,175
219,616,-145
-109,693,-965
-299,918,-1183
-727,1563,-646
-1059,2230,-203
-1104,2081,102
-1143,2448,913
-1453,2754,1498
-1589,2340,1086
-1499,2202,1530
-1829,2165,1681
-1950,2394,1480
-2021,2208,1808
-2142,2299,1772
-2260,2625,1506
-2143,2564,1920
-2155,2723,1770
-2076,2727,1775
-1792,2419,1381
-1513,2268,1340
-1224,2197,1220
-996,1797,1421
-756,1594,1305
-591,1360,953
-308,1156,709
-222,863,168
-54,868,-574
196,1087,-854
356,1289,-1032
601,1270,-923
798,1369,-580
822,1589,-197
827,1926,63
809,2182,42
821,2093,23
754,2148,-22


















-,-,-
537,2201,335
534,2110,294
520,2068,375
485,2144,333
462,2148,421
458,2135,368
482,2011,320
505,2054,231
486,2064,273
481,1996,382
430,2111,419
420,2193,493
419,2195,867
422,2359,1148
430,2369,1734
383,2731,1485
396,2270,1402
369,1595,906
455,1037,576
451,874,458
292,972,22
235,926,-183
41,392,-341
-235,323,-914
-740,1220,-126
-1189,2043,230
-1646,1736,1146
-1966,3166,1728
-2008,3038,1788
-1846,2015,1332
-1691,1988,1565
-1870,1937,1919
-2157,1941,2144
-2368,2680,1929
-2398,2499,1642
-2309,2557,1950
-2304,2401,2010
-1827,2104,1743
-1548,1570,1865
-1598,1935,1686
-1489,1918,1300
-1191,1382,1070
-950,1391,1283
-830,1662,1411
-717,1307,1397
-471,1386,1925
-490,1489,1290
-465,1533,187
-169,1250,-871
22,1364,-1486
375,1335,-1779
705,1128,-1245
804,1212,-812
810,1669,-565
841,1795,-87
827,1854,173
736,2338,51
779,2052,9
729,1996,139
638,2164,39
620,2083,87
604,2135,171
549,2159,196
566,2167,123
598,2019,137
584,2071,170
603,2092,162
598,2103,112
614,2057,115
601,2085,162
587,2181,177
615,2080,136


















-,-,-
499,2087,394
475,2084,364
478,2077,353
501,2029,387
487,2063,392
490,2085,384
487,2066,354
465,2073,397
438,2091,403
443,2064,350
461,2053,395
476,2066,337
474,2073,388
474,2114,307
492,2048,233
507,1993,285
493,2117,360
509,2198,507
532,2287,613
524,2315,1161
433,2625,1575
339,2874,1978
364,2682,2338
93,2397,1486
64,1594,939
37,730,186
13,176,-696
126,-166,-1140
-155,-114,-1920
-392,622,-1698
-946,1590,-1377
-881,1618,-1602
-643,1618,-824
-858,1996,-26
-1315,2438,-107
-1271,2081,220
-1473,1854,953
-1876,2621,1135
-1925,2182,891
-1884,2529,785
-2180,2276,1101
-2405,2539,1484
-2482,2829,1500
-2445,2817,1369
-2256,2890,1390
-2228,2977,1498
-2083,2907,1213
-1716,2441,1116
-1360,2109,977
-1060,1766,931
-725,1211,939
-548,1073,803
-298,847,550
-80,762,-27
111,733,-453
196,1150,-951
398,1415,-1074
470,1585,-1199
486,1792,-1221
515,1920,-821
563,2003,-601
642,2049,-317
592,2257,-120
554,2265,-98
581,2106,47
535,2191,20
457,2107,34
455,2120,-37
440,2091,41
444,2202,62
487,2185,106
473,2104,154


















-,-,-
436,2133,168
455,2109,196
446,2098,188
447,2078,220
448,2116,199
441,2093,210
445,2126,219
460,2141,201
427,2139,157
460,2040,175
440,2084,129
445,2120,165
468,2087,206
458,2083,215
458,2129,168
477,2097,96
469,2108,108
463,2128,114
469,2131,19
490,2121,112
483,2207,83
503,2249,234
549,2542,907
427,2866,1743
296,3153,1725
335,2677,1487
306,1827,1369
282,1135,1033
291,870,904
120,542,336
58,489,-824
-164,648,-1345
-256,687,-1317
-555,1574,-1265
-645,1267,-1053
-814,1359,-176
-1434,2914,346
-1563,2819,-16
-1386,2330,495
-1792,2231,1766
-2193,2635,1026
-1970,2216,1317
-2282,2130,1334
-2439,2469,1006
-2360,2069,1783
-2477,2147,1675
-2480,2334,1868
-2327,2340,1729
-2126,2457,1657
-1851,2343,1232
-1678,1972,1165
-1416,1879,1639
-1242,1694,1077
-933,1207,632
-429,1064,521
-121,1005,19
18,957,-544
220,1154,-1056
294,1270,-1748
611,1087,-1359
696,1210,-1181
733,1460,-771
677,2035,-416
673,2238,-231
779,2114,-120
814,2168,-89
739,2109,-221
688,2069,-227
628,2010,-175
616,2087,-114
588,2061,-18
583,2104,34


















-,-,-
512,2107,168
486,2073,170
541,2002,163
507,2033,215
504,2148,179
532,2121,226
525,2100,222
551,2078,167
542,2078,219
502,2133,139
534,2034,184
528,2058,142
517,2064,136
517,2104,191
510,2165,171
535,2117,208
573,2183,237
590,2175,226
611,2107,337
559,2214,540
510,2461,1117
465,2647,1406
497,2708,1538
528,2397,1408
441,1948,1354
305,1623,798
322,1010,334
365,574,32
252,138,-418
138,-291,-783
-420,-67,-2405
-717,562,-2872
-1058,1320,-1914
-1584,2195,-358
-1736,2701,-269
-1448,2212,832
-1964,2762,1255
-2032,3036,1099
-2089,2905,1045
-2233,3146,1212
-2425,3035,1471
-2394,3132,1095
-2189,2851,1401
-2146,2790,1753
-2001,2656,1721
-1827,2637,1514
-1547,2317,1322
-1225,1696,1007
-941,1608,932
-730,1239,635
-470,1452,307
-144,1065,305
-19,1422,-174
233,788,-594
561,733,-581
576,987,-1017
669,1334,-904
500,1955,-1098
552,1935,-868
521,2221,-654
605,2152,-345
660,2204,-179
723,2174,-148
747,2064,-134
723,2139,-49
615,2195,-52
648,2073,-14
644,2058,106
580,2198,4
663,2002,44
605,2028,55
613,2009,17


















-,-,-
297,2176,251
305,2197,224
289,2075,159
319,2004,155
312,2020,144
344,2015,192
320,2020,214
360,2084,268
358,2155,220
363,2141,209
376,2151,265
333,2298,228
373,2196,389
352,2375,686
353,2560,1344
218,2886,1340
354,2586,1407
297,2242,1230
252,1803,875
190,1381,418
299,947,72
399,612,-82
358,228,-365
89,210,-720
-448,925,-1264
-912,1294,-1430
-1608,1743,-585
-2046,2930,912
-2234,2923,708
-1783,2421,940
-1890,2101,1287
-2242,2605,1448
-2447,2304,1181
-2192,2361,632
-2075,2540,450
-2152,2287,1101
-2162,2296,1183
-2101,2540,1643
-2288,2812,1643
-2330,2996,1652
-2071,2789,1466
-1964,2473,1229
-1718,2154,982
-1298,1571,1030
-990,1245,204
-538,1072,18
5,709,-272
343,746,-290
423,747,-787
546,924,-627
484,1488,-919
539,1528,-933
573,1659,-701
509,1945,-572
560,2061,-282
562,2111,-69
617,2102,-31
575,2318,19
586,2253,7
575,2261,36
581,2215,123
548,2168,168
514,2106,272
488,2140,342
451,2098,168
483,1943,201
462,1979,179
429,2138,66
457,2010,170
471,2043,162
493,2038,209
499,2090,238


















-,-,-
446,2100,106
468,2091,104
468,2067,133
448,2077,90
462,2032,47
459,2064,83
453,2090,150
451,2132,96
468,2086,138
473,2067,221
443,2188,197
482,2096,151
543,1963,216
492,2035,69
534,2030,2
510,2023,45
471,2151,97
451,2290,267
366,2448,319
284,2580,382
132,3053,778
-12,3382,1049
338,2793,1676
715,1904,2171
878,1467,2014
882,883,1640
952,-51,949
924,-940,403
493,-961,-615
-291,-853,-2650
-774,-361,-3573
-1498,2327,-2086
-1503,2072,-2396
-711,1297,-1475
-918,1991,-803
-974,2185,-648
-942,2039,-249
-1185,2387,285
-1365,2737,673
-1531,3261,1363
-1730,3547,682
-1490,3209,893
-1621,3321,872
-1633,3392,679
-1440,3104,923
-1296,2898,1024
-1148,2812,724
-971,2654,1485
-1109,2915,1431
-936,2634,920
-633,2155,1311
-574,1954,1138
-468,1751,620
-253,904,542
-259,668,-601
-106,245,-1295
260,167,-1409
336,1005,-1666
537,1588,-840
531,1939,-431
645,2185,-30
753,2267,-29
877,2317,15
798,2391,-155
817,2282,-163
771,2236,-134
699,2218,-66
660,2129,-60
654,1908,38
594,1892,109
603,1834,169
605,1908,261


















-,-,-
524,2053,-52
526,2039,-30
526,2062,6
510,2081,47
525,2046,58
505,2089,110
494,2145,88
506,2109,123
521,2077,150
516,2096,95
517,2081,34
530,2093,55
488,2059,84
524,2018,59
543,2093,5
521,2285,-76
551,2369,-59
612,2187,176
555,2053,229
531,1944,214
497,1871,176
464,1894,78
415,1877,-211
433,2064,-171
472,2208,136
475,2094,326
478,1899,292
464,1894,68
493,1961,32
555,1968,12
531,2011,72
474,2318,97
423,2596,194
399,2643,233
426,2704,454
444,2956,1013
392,3140,1487
377,3053,1765
277,2749,1986
9,2093,1482
-57,1007,745
81,-242,-251
192,-647,-708
114,-1053,-1252
-750,102,-1645
-980,1756,-1751
-1008,2115,-1142
-1142,2687,-108
-1223,3319,-48
-1067,2726,45
-1253,2662,789
-1504,2766,714
-1420,2658,717
-1448,2776,1136
-1667,2858,1066
-1709,3122,652
-1635,2957,1054
-1621,2916,434
-1448,2586,821
-1417,2438,1589
-1358,2675,1649
-1335,2638,1458
-953,2196,1601
-898,2267,1602
-856,2269,1359
-678,1895,1339
-654,2306,761
-436,1432,-124
-59,704,-239
211,473,-510
458,165,-629
538,268,-1053
