-,-,-
-230,-347,2126
51,-312,2121
7,-183,2158
-23,-181,2132
-6,-235,2161
-27,-183,2148
8,-156,2184
-23,-165,2155
48,-159,2107
29,-137,2154
17,-154,2176
2,-167,2157
-27,-220,2179
-132,-246,2121
-158,-207,2148
-271,-175,2169
-602,-124,2074
-977,-114,1882
-935,-111,1669
-380,-141,1554
-291,-146,1504
-230,-219,1574
390,-330,1628
667,-447,1765
1034,-455,1768
1256,-621,2030
1200,-656,2047
1072,-691,2266
1044,-811,2397
987,-845,2310
721,-751,2257
749,-776,2350
740,-788,2370
654,-804,2285
517,-861,2523
437,-873,2544
224,-925,2743
-116,-934,2884
-287,-869,2789
-481,-731,2658
-421,-626,2512
-501,-504,2362
-488,-461,2357
-571,-432,2298
-483,-487,2353
-472,-402,2257
-341,-381,2016
-459,-360,1953
-547,-354,1591
-564,-404,1361
190,-290,1250
601,-168,1176
927,-110,1377
1011,-153,1742
811,-173,2027
743,-274,2223
536,-289,2349
438,-324,2290
399,-304,2295
298,-304,2164
356,-223,2019
329,-201,2019
310,-251,2039
205,-247,2090
217,-271,2194
149,-262,2182
129,-237,2201
181,-215,2124
169,-228,2075
88,-186,2178
98,-190,2094
106,-204,2095
58,-217,2108
-41,-229,2173
34,-288,2157


















-,-,-
-59,-606,2211
-149,-546,2075
-76,-527,2075
-8,-519,2075
-50,-496,2046
-41,-487,2020
-26,-500,2077
6,-520,2141
137,-500,2068
81,-520,2107
-152,-563,2066
-181,-536,2102
-127,-475,2090
10,-434,2127
203,-378,2145
739,-232,2320
1481,-209,2649
1343,-349,2804
126,-687,2860
-595,-929,2864
-770,-1019,2819
-978,-911,2607
-864,-695,2354
-720,-497,2121
-576,-474,2147
-568,-404,2063
-523,-359,1945
-449,-296,1838
-212,-250,1776
-111,-231,1627
-56,-135,1463
195,-65,1336
327,-42,1211
364,-61,1238
627,-13,1276
913,46,1260
1005,144,1263
1406,66,1572
1490,-46,1741
1469,-104,1977
1282,-224,2115
1091,-302,2234
786,-301,2191
555,-330,2328
369,-397,2510
175,-455,2424
-240,-498,2503
-369,-657,2607
-568,-669,2463
-661,-636,2359
-762,-667,2203
-665,-683,2123
-547,-760,2171
-261,-742,2249
-174,-677,2234
-19,-660,2256
30,-650,2215
118,-674,2205
24,-643,2148
8,-628,2079
98,-645,2152
117,-565,2018
121,-514,1955
81,-481,1901
-89,-498,1909
133,-562,2072
80,-593,2053
181,-576,2141
138,-559,2097
194,-558,2072
140,-590,2117
92,-592,2167
36,-620,2116
7,-636,2121
44,-577,2074


















-,-,-
-67,-399,2137
-38,-416,2127
-73,-407,2126
-27,-405,2126
-33,-423,2165
-22,-398,2140
-39,-399,2133
-2,-397,2119
-71,-422,2143
-28,-413,2141
-48,-403,2104
-41,-403,2114
-48,-401,2117
-89,-424,2124
-48,-397,2115
5,-394,2100
-56,-400,2091
-56,-419,2098
-28,-415,2124
-38,-438,2109
7,-404,2131
80,-374,2057
157,-375,2116
291,-352,2162
699,-310,2207
781,-273,2155
578,-365,2268
327,-504,2466
-56,-716,2746
-380,-826,2955
-640,-683,2917
-678,-558,2498
-884,-466,2182
-744,-480,1673
-718,-400,-67
-315,-268,-347
-252,-457,1006
-203,-352,1538
-427,-180,2018
101,-613,2770
334,-790,3307
731,-712,3204
719,-667,3016
713,-594,2556
568,-402,2266
603,-273,2135
571,-419,2322
177,-524,2494
-239,-531,2618
-330,-382,2719
-387,-200,2769
-370,-320,2758
-226,-400,2744
-889,-386,2225
-841,-403,1907
-504,-322,1411
-429,-227,906
-79,-186,505
-110,-154,396
486,-120,624
810,28,522
929,157,994
1416,169,1207
1818,6,1412
2148,-292,2287
2207,-459,2620
1779,-527,2603
1265,-614,2626
676,-800,2902
-647,-1057,3026
-588,-913,2842
-405,-681,2492
-170,-407,2104


















-,-,-
106,-519,2122
122,-479,2145
151,-455,2083
156,-434,2079
152,-438,2086
129,-439,2106
145,-455,2141
116,-440,2095
59,-400,2064
69,-395,2095
13,-466,2144
23,-476,2158
61,-486,2125
54,-472,2083
91,-443,2051
130,-371,2064
57,-416,1966
100,-445,2053
228,-461,2184
546,-415,2232
1238,-397,2540
1552,-437,2727
464,-691,2626
-242,-846,2785
-340,-956,3039
-608,-798,2821
-903,-892,2810
-1298,-878,2799
-1471,-681,2331
-1607,-550,1969
-1509,-410,1556
-1044,-311,1121
-554,-165,1059
-170,-71,1053
352,93,773
613,176,747
1019,159,795
1362,185,798
1746,134,999
1735,-75,1270
1490,-204,1781
1275,-393,2320
920,-484,2523
69,-598,2889
-387,-909,3139
-989,-1015,3214
-1309,-1013,3060
-1190,-878,2665
-646,-688,2262
-172,-451,1871
221,-347,1763
247,-461,1817
107,-561,1996
61,-553,2019
-17,-500,1860
5,-515,2077
35,-630,2342
-83,-640,2202
-24,-487,2299
-85,-640,2266
-31,-633,2257
-3,-507,2027
-11,-528,2185
126,-542,2297
123,-497,2150
113,-484,2084
142,-475,2062
159,-469,2074
63,-459,1962
91,-524,2081
140,-581,2275
-26,-468,2089
-52,-475,1946
-85,-450,2172
1,-565,2204


















-,-,-
122,-343,2108
100,-346,2131
80,-327,2080
160,-331,2136
103,-341,2126
88,-364,2151
126,-350,2182
120,-340,2113
112,-339,2138
138,-322,2143
154,-324,2123
116,-313,2115
105,-334,2134
102,-309,2049
111,-288,1979
146,-285,1951
243,-329,2033
583,-336,2217
950,-368,2425
779,-369,2580
338,-491,2611
-153,-596,2742
-389,-647,2856
-329,-623,2947
-493,-459,2636
-589,-378,2548
-641,-320,2549
-744,-283,2364
-736,-233,2178
-800,-121,1898
-884,-88,1540
-685,-71,1234
-252,-70,1142
-63,-68,821
270,-162,704
665,-329,885
872,-335,872
1171,-282,1095
1297,-316,1465
1413,-292,1588
1428,-294,2003
1305,-288,2285
1291,-375,2731
941,-605,3095
448,-720,3240
-216,-813,3178
-726,-689,2866
-809,-732,2697
-821,-620,2397
-557,-528,2208
-215,-462,2083
45,-401,1821
30,-399,1759
110,-406,1816
143,-447,1934
65,-439,1999
50,-429,2062
89,-377,2080
133,-392,2238
65,-459,2307
51,-495,2238
59,-444,2212
74,-447,2189
66,-403,2130
65,-420,2127
82,-437,2126
31,-434,2116
29,-465,2119
81,-451,2103
116,-393,2070
94,-370,2071
113,-385,2137
70,-406,2162
76,-435,2202
39,-388,2139


















-,-,-
-111,-437,2155
-127,-493,2179
-119,-482,2155
-17,-437,2073
-55,-433,2099
-20,-458,2159
-12,-467,2166
-33,-436,2106
1,-441,2098
95,-421,2090
-20,-420,2124
-52,-413,2063
-6,-389,2084
362,-295,1986
967,-93,1830
1311,-103,1951
1126,-634,3090
204,-989,3057
-510,-1249,3585
-704,-1123,3372
-1077,-907,2819
-1176,-692,2518
-1050,-723,2509
-945,-474,2241
-1031,-239,1749
-961,-134,1297
-596,-82,809
-379,-3,484
71,46,125
305,-188,285
1309,-445,976
1884,-353,1581
1751,-267,1357
1801,-311,1459
1465,-329,1815
622,-504,2015
247,-576,2350
566,-607,2896
670,-826,3482
251,-914,3380
-50,-886,3443
-487,-791,2758
-430,-584,2401
-266,-467,1981
-274,-434,1558
-184,-522,1773
-423,-451,1635
-121,-518,2079
10,-552,2201
109,-462,2278
182,-475,2351
166,-467,2328
84,-442,2185
-3,-428,2107
47,-382,2061
123,-408,2070
146,-455,2168
48,-398,2008
26,-416,2096
41,-398,2101
22,-396,2068
-73,-430,2122
-5,-459,2150
41,-448,2157
50,-444,2172
73,-451,2191
91,-415,2086
80,-403,2142
89,-410,2071
70,-381,2107
137,-441,2110
152,-458,2140
118,-444,2146
105,-452,2110
104,-486,2117


















-,-,-
15,-456,2106
12,-459,2145
43,-468,2185
20,-456,2126
26,-442,2088
24,-454,2100
31,-473,2115
4,-511,2124
52,-473,2086
49,-437,2040
95,-398,2003
248,-360,1962
676,-249,2107
1212,-137,2264
1017,-350,2328
784,-640,2853
-44,-881,3056
-785,-1033,3188
-1361,-1026,3307
-1495,-831,2970
-1582,-385,2719
-1420,-96,2255
-1117,-277,2055
-1025,-371,1702
-827,-403,1267
-577,-341,835
-40,-168,482
442,-177,341
806,-147,532
1301,-136,627
1433,-179,964
1512,-205,1462
1805,-299,1969
1648,-253,2027
1462,-235,2144
1279,-360,2764
868,-424,2728
429,-433,2769
453,-447,2644
154,-389,2583
1,-541,2480
-305,-643,2608
-590,-748,2383
-868,-815,2419
-776,-735,2311
-447,-608,2165
-144,-451,1916
119,-386,1951
315,-375,2008
217,-400,1881
112,-462,1992
188,-527,2128
115,-498,2202
155,-467,2154
177,-498,2178
115,-497,2164
57,-451,2092
65,-413,2081
100,-443,2129
112,-448,2177
108,-477,2157
79,-444,2130
30,-448,2146
50,-454,2142
90,-489,2182
25,-532,2118
32,-551,2099
66,-513,2206
27,-453,2198
59,-406,2159
89,-363,2175
66,-339,2070
18,-370,2028
77,-390,2064
70,-455,2176


















-,-,-
-153,-410,2194
-104,-445,2205
-100,-418,2137
-119,-378,2071
29,-386,2101
-44,-356,2032
-80,-330,2034
15,-374,2163
44,-372,2130
-41,-371,2101
9,-346,2089
179,-330,1991
495,-327,1979
1218,-217,1991
1213,28,2137
720,-518,2366
-212,-901,3019
-828,-1114,3494
-1026,-1072,3634
-904,-617,3036
-801,-420,2783
-826,-313,2518
-1010,-195,2000
-1038,-122,1786
-834,-100,1634
-610,1,1377
-509,-51,1253
-144,26,1088
53,-19,1098
126,88,896
408,130,824
692,291,890
1048,357,1022
1198,318,1117
1395,22,1716
1430,-178,1955
1173,-307,2256
1170,-354,2502
935,-461,2579
648,-399,2576
538,-379,2698
197,-376,2614
-274,-446,2574
-406,-660,2745
-698,-740,2617
-779,-696,2408
-651,-677,2292
-447,-630,2287
-126,-514,2145
32,-398,2016
203,-266,2168
188,-382,2066
206,-402,2075
116,-430,2144
213,-449,2195
106,-454,2282
130,-419,2087
169,-380,2152
148,-348,2043
96,-302,2038
80,-274,2019
91,-291,2062
84,-308,2128
41,-349,2277
85,-350,2392
169,-376,2277
112,-378,2209
87,-379,2106
65,-370,2126
76,-353,2005
16,-276,2020
52,-269,2047
119,-295,2187
95,-322,2118
102,-316,2132


















-,-,-
-81,-406,2111
-145,-441,2117
-105,-442,2186
-36,-361,2183
44,-370,2124
47,-431,2199
-52,-401,2167
-19,-413,2145
11,-390,2121
100,-366,2168
86,-322,2090
17,-363,2064
38,-381,2129
-66,-426,2094
-102,-432,2040
-17,-354,1965
174,-325,1987
785,-243,2216
1390,-170,2482
1318,-236,2644
405,-461,2627
-450,-858,3130
-1095,-845,3180
-1126,-702,2770
-822,-375,2429
-874,-288,2227
-895,-396,2102
-956,-527,2094
-905,-519,1909
-794,-431,1613
-610,-278,1422
-315,-178,1318
-57,-177,1133
329,-99,1080
590,-26,862
1085,174,795
1394,159,856
1505,2,1127
1518,-234,1581
1366,-498,1944
1114,-501,2226
921,-517,2389
750,-605,2596
631,-720,2848
434,-629,2799
186,-758,2618
-32,-802,2590
-325,-888,2723
-633,-931,2486
-703,-893,2516
-778,-733,2309
-552,-632,2156
-218,-532,2141
-7,-445,2063
196,-409,2097
210,-356,1983
203,-343,1936
259,-385,2064
169,-378,2020
135,-400,2049
115,-453,2189
80,-480,2174
38,-420,2142
26,-405,2049
37,-438,2183
25,-462,2130
27,-449,2113
1,-471,2155
-7,-445,2141
12,-438,2079
-3,-421,2042
79,-434,2059
31,-437,2111
28,-430,2105
65,-456,2081


















-,-,-
40,-381,2089
-42,-392,2042
71,-409,2074
45,-415,2148
35,-412,2159
58,-404,2168
51,-389,2156
63,-401,2127
27,-384,2114
34,-396,2080
30,-374,2076
7,-399,2128
16,-390,2093
-34,-397,2093
18,-393,2043
110,-344,1983
286,-334,2002
489,-306,2072
642,-355,2186
578,-430,2505
565,-517,2623
229,-619,2940
-265,-730,3273
-749,-738,3266
-767,-793,3238
-1045,-754,2703
-1157,-615,2222
-1146,-520,1815
-982,-434,1442
-811,-295,1136
-556,-183,991
-172,-158,885
-23,-210,879
522,-247,844
913,-204,1001
1401,-207,1073
1625,-209,1273
1689,-255,1844
1741,-371,1982
1446,-493,2340
939,-655,2518
523,-628,2518
330,-500,2609
290,-486,2514
281,-503,2657
76,-612,2643
-261,-643,2496
-537,-685,2355
-498,-717,2418
-615,-695,2320
-611,-639,2128
-344,-575,2150
-50,-517,2079
-24,-504,2003
48,-496,1993
122,-518,2048
123,-515,2023
144,-469,1935
174,-457,2098
160,-481,2038
127,-448,2135
81,-460,2156
68,-532,2199
41,-518,2242
32,-529,2218
110,-543,2251
11,-526,2191
91,-508,2209
49,-503,2191
79,-431,2077
59,-415,2033
23,-441,2057
58,-428,2041
25,-390,2017
4,-400,2040


















-,-,-
47,-442,2109
16,-449,2097
80,-438,2102
81,-452,2107
48,-420,2089
67,-444,2109
75,-443,2117
76,-442,2140
76,-424,2160
74,-456,2128
69,-422,2109
31,-444,2133
23,-446,2144
52,-414,2137
33,-402,2063
35,-444,2126
72,-477,2217
56,-466,2132
61,-444,2079
58,-450,2058
269,-390,1972
714,-251,1966
841,-225,1976
724,-427,2160
481,-653,2538
-84,-1028,2910
-423,-937,3420
-715,-896,3330
-973,-671,2906
-1032,-528,2563
-1163,-418,2247
-1227,-290,1908
-1216,-301,1818
-860,-362,1879
-491,-361,1749
-436,-330,1570
-447,-367,1264
139,-248,834
283,-89,565
553,41,360
1151,11,601
1362,-108,1105
1412,-258,1349
1508,-496,1803
1462,-558,2074
1151,-525,2160
1080,-543,2370
754,-629,2705
459,-616,2670
373,-627,2850
150,-749,2870
-102,-724,2771
-499,-775,2564
-736,-723,2667
-720,-611,2602
-484,-563,2432
-268,-483,2226
-95,-411,2076
120,-359,1976
71,-366,1887
134,-385,1878
115,-455,1861
274,-478,2085
283,-435,2187
75,-284,1974
177,-289,2049
230,-302,2124
100,-370,2104
77,-354,2117
100,-337,2054
167,-326,2047
153,-490,2172
-27,-588,2199
-21,-595,2244
-70,-466,2198


















-,-,-
115,-448,2157
99,-403,2075
30,-335,1927
37,-333,1949
7,-385,2081
59,-416,2144
-44,-413,2210
-16,-350,2165
38,-364,2135
21,-392,2218
48,-407,2229
12,-381,2188
56,-342,2146
70,-381,2151
7,-422,2138
-37,-436,2111
35,-414,2139
17,-391,2110
1,-410,2089
14,-401,2117
9,-405,2141
-20,-383,2091
-16,-369,2013
61,-361,1965
170,-375,1990
456,-341,2015
534,-293,2118
649,-314,2283
820,-375,2649
540,-578,2797
182,-611,3107
-299,-658,3139
-714,-661,3128
-900,-668,2961
-1064,-639,2667
-1268,-567,2394
-1394,-507,2078
-1377,-446,1766
-1552,-429,1352
-1405,-498,1059
-913,-581,1118
19,-427,979
643,-226,758
1252,58,551
1300,202,488
1270,95,880
1250,-86,1374
1262,-206,1472
1230,-330,1858
1361,-475,2401
1438,-466,2618
996,-626,2794
744,-542,2774
163,-572,2804
-289,-539,2585
-465,-523,2408
-456,-607,2452
-539,-682,2406
-587,-674,2363
-480,-666,2337
-185,-577,2197
-69,-532,2191
88,-489,2155
62,-518,2166
78,-513,2127
41,-477,2051
84,-442,1959
112,-442,1998
151,-469,2084
163,-451,2124
87,-447,2116
153,-464,2163
125,-471,2174
116,-481,2132
116,-468,2163


















-,-,-
21,-435,2097
43,-442,2131
19,-430,2130
43,-451,2141
31,-444,2114
35,-446,2094
26,-436,2137
37,-421,2134
-3,-433,2104
8,-422,2080
-20,-450,2096
6,-433,2111
-4,-427,2114
5,-408,2127
3,-417,2142
8,-407,2099
-10,-428,2122
-20,-457,2159
65,-459,2123
215,-410,2041
327,-341,2061
678,-345,2231
992,-279,2476
823,-261,2420
391,-414,2836
-96,-623,3187
-768,-791,3113
-1159,-594,3307
-1223,-579,3061
-1275,-563,2536
-1125,-507,2001
-1106,-460,1540
-1097,-369,999
-1038,-174,899
-87,-96,327
27,-271,469
436,-336,508
1070,-354,773
1199,-280,1503
1334,-359,1718
1254,-443,1769
941,-468,2348
1018,-470,2191
486,-469,2274
228,-497,2577
243,-467,2827
42,-490,2931
-138,-472,3111
-397,-514,3029
-541,-542,2718
-494,-515,2598
-455,-441,2374
-553,-525,2247
-540,-508,2171
-477,-535,2168
-406,-441,2073
-222,-358,2039
-51,-331,2103
21,-280,2051
-60,-309,2049
-34,-263,2020
25,-202,1912
43,-240,1866
100,-346,2001
-14,-371,2120
-95,-481,2152
-180,-400,2085
-16,-343,2171
-69,-290,2319
-148,-323,2120
-17,-254,2056
-54,-295,2168
-52,-375,2216
-119,-381,2151


















-,-,-
25,-414,2146
10,-399,2100
32,-412,2110
98,-365,2132
64,-383,2121
15,-389,2098
35,-401,2126
7,-397,2118
24,-381,2080
101,-375,1992
118,-364,1865
262,-290,1753
693,-239,1885
1038,-326,2105
1209,-484,2588
707,-782,3167
158,-1162,3463
-1029,-1294,3602
-1345,-1040,3285
-1076,-803,2842
-1165,-706,2714
-1453,-640,2419
-1666,-675,2058
-1511,-598,1559
-1324,-504,1251
-715,-329,917
146,-187,596
409,-13,386
679,165,275
1020,187,413
1395,59,1037
1329,106,1121
1381,29,1471
1387,-163,1905
1522,-295,2471
1060,-480,2729
678,-604,2607
372,-550,2779
244,-569,2977
-83,-684,3053
-324,-653,2910
-589,-676,2642
-590,-673,2462
-628,-658,2465
-510,-559,2126
-305,-493,1907
-124,-406,1951
-2,-416,1915
-15,-400,1825
-26,-426,1928
99,-446,2086
48,-421,2076
123,-424,2143
145,-436,2199
146,-443,2192
55,-471,2170
-6,-474,2177
-1,-471,2185
12,-465,2132
16,-434,2127
58,-435,2144
2,-459,2098
63,-454,2172
23,-451,2147
37,-445,2110
39,-490,2085
64,-412,2073
84,-478,2068
255,-465,2192
40,-487,2068
163,-410,2083
17,-495,2031
90,-428,2164
122,-474,2181
-7,-459,2087


















-,-,-
-52,-346,2196
-15,-312,2098
9,-309,2141
-18,-329,2126
13,-302,2164
12,-311,2182
22,-338,2154
-9,-344,2145
16,-339,2094
73,-321,2043
96,-296,1911
174,-262,1812
317,-318,1826
632,-303,1945
834,-305,2147
725,-469,2407
543,-595,2803
116,-706,3201
-451,-828,3434
-655,-792,3304
-640,-738,3145
-830,-666,2958
-1018,-581,2606
-1199,-603,2477
-1206,-592,2147
-1059,-503,1768
-899,-372,1510
-588,-234,1251
-336,-170,995
-20,-131,831
275,-32,728
515,32,629
961,42,771
1258,-45,1120
1076,-40,1235
1209,-205,1532
1239,-328,1697
939,-348,2019
981,-421,2271
719,-363,2268
496,-414,2414
427,-463,2702
296,-512,2930
-199,-678,3084
-757,-667,3190
-763,-702,2965
-969,-625,2718
-869,-539,2452
-583,-433,2227
-192,-337,2044
140,-277,1852
336,-308,1912
339,-342,1974
293,-371,1945
102,-365,2045
94,-291,2055
83,-317,2073
93,-340,2206
135,-338,2286
99,-309,2211
34,-309,2182
12,-305,2167
117,-308,2202
79,-301,2113
54,-273,2103
116,-275,2157
92,-299,2139
49,-296,2067
61,-302,2185
95,-328,2125
90,-209,2075
48,-270,2163
108,-283,2122
-3,-246,2223
33,-238,2173


















-,-,-
76,-200,2173
57,-174,2110
72,-174,2110
59,-187,2162
73,-205,2187
79,-180,2175
62,-194,2186
16,-235,2145
-10,-204,2177
42,-227,2142
90,-190,2157
109,-224,2132
47,-228,2155
40,-228,2155
94,-216,2149
83,-214,2191
47,-223,2121
44,-212,2079
1,-233,2132
82,-236,2132
47,-222,2056
101,-196,2043
185,-214,1951
285,-275,1988
350,-319,2164
444,-332,2180
660,-263,2219
626,-241,2517
465,-266,2921
9,-432,3205
-598,-587,3464
-982,-585,3407
-1166,-501,3130
-1189,-543,2871
-1255,-515,2394
-1293,-476,1977
-1099,-420,1560
-971,-266,1209
-369,-107,936
-269,127,683
-65,65,440
622,-48,602
971,-74,774
1404,17,786
1592,-77,1085
1357,-328,1637
960,-495,1869
661,-457,2120
596,-318,2244
442,-334,2634
608,-279,2833
364,-379,2964
-183,-461,3076
-356,-613,2966
-716,-614,2899
-697,-546,2640
-632,-444,2504
-623,-431,2252
-466,-397,2232
-177,-336,2239
-113,-308,2028
-24,-322,2085
8,-326,2040
67,-323,2041
160,-291,2040
174,-254,1975
157,-284,2141
200,-327,2134
78,-305,2128
166,-285,2145
76,-296,2212
110,-244,2084
92,-260,2109
57,-273,2138
54,-286,2173


















-,-,-
62,-263,2114
94,-271,2162
143,-281,2204
81,-256,2198
103,-243,2136
122,-205,2091
116,-263,2183
39,-251,2168
48,-239,2104
84,-251,2106
87,-246,2141
48,-239,2136
68,-253,2147
93,-256,2151
71,-262,2172
25,-250,2134
86,-219,2090
171,-186,2046
383,-111,2047
1012,-76,2165
1209,-75,2570
728,-315,2774
26,-469,3166
-426,-667,3477
-549,-649,3137
-857,-526,3261
-1150,-343,2724
-1348,-353,2341
-1251,-324,2040
-944,-232,1729
-850,-159,1466
-582,-110,1325
-103,-56,1095
-10,-6,861
255,109,670
687,210,364
1010,113,663
1123,26,1118
1273,-21,1337
1363,-103,1520
1083,-309,2106
1169,-333,2330
839,-342,2351
387,-348,2410
267,-309,2558
235,-228,2826
226,-364,2456
-42,-576,3251
-215,-602,3228
-558,-617,3183
-536,-476,2766
-273,-364,2421
-159,-309,2146
-130,-302,2101
28,-243,2039
5,-236,1898
128,-202,1868
124,-187,1917
246,-198,1930
207,-263,2087
209,-316,2156
155,-349,2149
113,-324,2220
80,-327,2242
90,-306,2225
151,-284,2201
128,-312,2145
152,-297,2143
143,-307,2194
173,-236,1961
144,-249,1996
243,-309,2179
181,-306,2314
129,-315,2225
204,-288,2176


















-,-,-
98,-300,2137
200,-301,2138
133,-286,2110
65,-296,2137
79,-292,2158
147,-307,2219
91,-288,2209
32,-276,2102
65,-285,2120
111,-298,2159
90,-302,2161
89,-263,2081
180,-273,2140
87,-277,2141
60,-295,2090
135,-278,2060
44,-259,1951
376,-190,1898
569,-164,1865
914,-227,2196
962,-317,2470
968,-478,2839
4,-479,3099
-435,-509,3498
-684,-532,3450
-1023,-528,3311
-1290,-487,3031
-1466,-392,2742
-1587,-585,2296
-1132,-446,1719
-302,-253,1435
-227,-109,1285
16,-10,870
331,121,584
747,269,197
799,314,-140
1215,289,35
1311,82,686
1349,-57,1476
1674,-165,1938
1125,-333,2322
1197,-399,2649
1048,-492,2556
594,-513,2549
434,-462,2591
276,-556,2671
276,-568,2710
-32,-557,2823
-154,-512,2704
-191,-557,2665
-315,-595,2670
-373,-633,2460
-429,-570,2128
-272,-462,2052
-81,-421,2091
93,-343,1985
100,-338,2036
80,-329,2091
59,-369,2134
-30,-352,2113
40,-381,2071
36,-316,2130
97,-307,2166
135,-299,2099
127,-304,2062
135,-319,2158
134,-376,2155
86,-330,2159
58,-343,2146
78,-393,2159
73,-330,2178
54,-329,2115
105,-336,2122
111,-338,2184
98,-354,2164


















-,-,-
94,-322,2139
78,-331,2155
109,-330,2156
97,-326,2125
81,-332,2130
57,-333,2140
14,-355,2105
81,-333,2081
41,-351,2122
164,-325,2105
137,-330,2108
48,-304,2057
144,-320,2093
97,-365,2221
7,-371,2210
11,-367,2189
128,-337,2194
100,-322,2203
69,-337,2150
109,-328,2129
126,-347,2107
95,-352,2120
87,-351,2145
80,-342,2120
77,-349,2100
47,-377,2142
83,-347,2142
155,-321,2121
153,-320,2095
264,-329,2176
190,-337,2155
159,-312,2140
196,-322,2187
233,-330,2195
236,-298,2197
317,-277,2240
245,-299,2360
18,-378,2314
-26,-334,2338
133,-257,2289
225,-104,2439
209,-77,3005
187,-261,3409
-151,-430,3380
-642,-208,3125
-1012,-313,2677
-1300,-421,2411
-1554,-469,1937
-1085,-381,1232
-837,-197,1044
-322,-74,732
-62,-85,589
242,105,475
786,148,133
1207,168,256
1758,57,683
1586,-148,1614
1660,-232,2126
1501,-324,2590
1295,-346,2674
799,-465,2989
368,-531,3066
12,-456,2926
-82,-381,2907
-185,-353,2708
-288,-317,2588
-263,-304,2410
-283,-292,2233
-264,-310,2212
-94,-315,2126
-30,-289,2002
55,-285,2188
66,-302,2165
111,-312,2120


















-,-,-
264,-407,2195
171,-367,2112
161,-390,2131
212,-374,2080
197,-407,2092
175,-399,2104
105,-413,2067
181,-372,2110
196,-341,2179
236,-364,2188
207,-386,2122
198,-362,2144
126,-382,2124
112,-389,2148
134,-374,2144
104,-393,2164
109,-367,2119
123,-328,2111
76,-341,2036
162,-329,2080
162,-342,2121
175,-354,2131
245,-377,2168
347,-350,2139
475,-326,2141
724,-264,2239
1207,-190,2335
1629,-281,2533
1092,-303,2891
-95,-514,3054
-880,-726,3233
-1185,-760,3212
-1331,-729,3104
-1367,-629,2688
-1199,-447,2140
-1074,-257,1633
-1050,-76,1455
-701,-56,1235
-497,-37,1035
-157,74,795
467,197,494
528,127,467
1006,-48,668
1293,-66,1223
1409,-96,1612
1252,-69,1464
1017,-155,1851
893,-192,2048
696,-186,2102
622,-231,2583
546,-325,2714
486,-354,2812
150,-461,2876
-198,-493,2721
-204,-571,2684
-277,-605,2588
-460,-641,2597
-410,-653,2590
-239,-585,2601
-151,-530,2532
-77,-454,2410
87,-389,2194
204,-333,2052
261,-309,1936
311,-275,1819
247,-215,1970
293,-192,1816
218,-229,1980
118,-297,2141
-40,-363,2206
82,-406,2209
30,-402,2221
-17,-390,2236
21,-398,2203
92,-330,2218


















-,-,-
58,-301,2137
41,-281,2106
72,-283,2168
91,-297,2145
72,-297,2137
54,-302,2142
48,-315,2141
26,-329,2161
74,-298,2087
130,-284,2021
107,-295,2054
120,-291,2078
261,-288,2127
556,-250,2205
751,-215,2204
594,-274,2555
540,-392,2668
152,-424,2995
-376,-487,3228
-619,-393,3119
-926,-465,2952
-1050,-413,2815
-1109,-374,2553
-1249,-341,2211
-1517,-390,2014
-1606,-415,1735
-1010,-363,1177
-590,-207,1159
-2,-85,746
253,-20,358
517,30,266
1275,39,133
1939,-80,674
2179,-187,1751
1814,-275,1937
1334,-244,2196
934,-231,2027
523,-228,2319
524,-498,2164
281,-391,2559
119,-308,2488
193,-344,2682
-1,-438,2644
-300,-573,2570
-608,-893,3134
-654,-905,2948
-687,-783,2618
-573,-632,2587
-201,-559,2296
-40,-459,2146
191,-424,2171
250,-406,2156
185,-373,2009
88,-399,1955
130,-401,2055
192,-373,2176
128,-328,2074
191,-366,2190
186,-366,2032
135,-367,2128
114,-381,2074
139,-362,2178
120,-309,2168
112,-304,2019
154,-322,2133
136,-359,2216
96,-332,2144
47,-331,2120
84,-298,2168
90,-313,2095
87,-323,2048
74,-326,2150
22,-302,2167
63,-293,2178


















-,-,-
41,-244,2098
65,-256,2127
100,-245,2167
-10,-270,2121
-24,-274,2138
37,-283,2171
39,-263,2141
19,-248,2110
59,-268,2141
58,-248,2156
53,-274,2153
72,-278,2172
26,-278,2140
44,-267,2175
64,-260,2163
63,-277,2137
78,-295,2181
8,-270,2155
46,-263,2140
83,-262,2154
30,-283,2144
28,-278,2137
55,-272,2152
43,-251,2144
40,-261,2105
36,-268,2135
52,-255,2175
33,-281,2151
40,-265,2152
18,-275,2160
22,-275,2170
21,-287,2152
94,-271,2141
44,-242,2120
48,-263,2138
55,-277,2161
49,-288,2149
-10,-282,2149
25,-279,2130
69,-281,2089
55,-276,2108
80,-275,2097
144,-250,2090
275,-244,2077
810,-67,2155
1557,26,2301
1091,-23,2625
65,-398,3112
-885,-829,3887
-1266,-857,4180
-1606,-727,3142
-1420,-554,2689
-1421,-537,2289
-1438,-515,1744
-1431,-417,1157
-990,-243,716
-639,-34,423
-173,-59,430
279,-74,703
463,-155,959
839,-102,1052
1051,-67,1079
1169,-132,1404
1161,-148,1781
1010,-153,1717
721,-146,1921
873,-260,2097
600,-237,2330
786,-221,2435
559,-265,2566
361,-311,2681
234,-480,2818
83,-585,2909
-100,-674,3001
-330,-709,2886


















-,-,-
22,-306,2143
12,-298,2147
13,-299,2138
-1,-287,2148
55,-295,2165
73,-280,2185
23,-283,2096
50,-294,2141
37,-285,2193
50,-308,2179
35,-298,2129
11,-277,2121
52,-300,2182
29,-299,2128
74,-286,2093
138,-260,2038
259,-200,1965
607,-165,2196
1014,-198,2661
892,-256,2784
234,-502,2979
-568,-685,3292
-735,-697,3260
-705,-616,2870
-890,-446,2554
-1157,-388,2202
-1330,-312,1884
-1303,-284,1854
-1342,-296,1649
-810,-224,1561
-479,-290,1591
-620,-217,1184
-519,-120,755
337,-100,703
812,-91,730
920,-48,903
1372,-44,1588
1248,111,1419
1275,166,1789
1277,5,2040
1167,-128,2347
703,-275,2374
569,-268,2632
455,-208,2434
337,-222,2378
339,-234,2590
212,-370,2782
-99,-380,2589
-276,-486,2734
-454,-581,2904
-796,-641,2559
-972,-644,2437
-875,-598,2355
-647,-479,2103
-299,-312,1980
-17,-260,2001
119,-219,1925
163,-226,1948
163,-251,2054
101,-278,2105
98,-284,2182
72,-287,2135
42,-304,2178
52,-316,2174
50,-254,2143
48,-246,2121
7,-292,2136
22,-291,2117
-30,-315,2087
-148,-310,2135
-49,-311,2158
-84,-310,2118
-73,-312,2121
-8,-293,2080
-27,-344,2181


















-,-,-
30,-320,2151
21,-329,2110
6,-327,2156
-20,-333,2156
-12,-348,2175
-22,-329,2150
-15,-329,2159
-8,-332,2141
36,-319,2100
24,-324,2182
24,-347,2143
42,-323,2067
67,-320,2054
134,-310,2046
374,-249,1997
854,-148,2090
1159,-150,2445
592,-383,2742
115,-542,2955
-233,-651,3216
-641,-695,3011
-861,-560,2876
-960,-645,2876
-1068,-508,2684
-1057,-368,2459
-1027,-289,2183
-940,-285,1962
-899,-239,1635
-757,-151,1226
-396,-6,906
-89,135,569
286,174,254
649,-13,217
785,-219,761
582,-295,1102
795,-194,1186
1022,-235,1925
1027,-322,2165
1241,-342,2563
1037,-268,2807
851,-379,2735
393,-344,2884
189,-409,2963
-131,-431,2785
-326,-431,2741
-330,-458,2498
-395,-553,2439
-505,-517,2301
-333,-415,2154
-91,-415,2241
53,-413,2229
111,-386,2239
118,-376,2202
131,-391,2158
159,-352,2106
154,-352,2058
135,-351,2113
82,-399,2096
162,-318,2187
115,-414,2144
82,-409,2145
84,-366,2108
51,-379,2108
82,-374,2141
141,-347,2161
155,-387,2144
104,-391,2178
176,-385,2220
135,-387,2149
168,-372,2144
143,-370,2104
70,-376,2042
86,-375,2109
41,-394,2094
86,-397,2186


















-,-,-
36,-378,2137
66,-402,2142
55,-385,2131
102,-376,2155
83,-380,2105
69,-415,2151
58,-387,2133
90,-358,2103
69,-364,2095
80,-403,2139
90,-393,2138
76,-403,2133
107,-373,2138
96,-364,2072
132,-382,2135
115,-408,2121
177,-429,2150
221,-389,2089
326,-407,2147
486,-379,2175
638,-423,2373
820,-527,2539
782,-573,2949
234,-719,3186
-229,-765,3423
-634,-754,3514
-1081,-615,3119
-1530,-386,2688
-1470,-224,2107
-1562,-194,1847
-1315,-118,1439
-751,26,1182
-565,248,717
-242,233,125
258,56,195
589,-113,530
588,-112,392
1305,-48,626
1239,-106,1247
1255,-217,1641
1154,-351,2358
1029,-355,2811
619,-440,2769
561,-448,2746
422,-378,2892
226,-396,2617
203,-447,2970
69,-395,2959
-409,-542,2889
-634,-573,2810
-912,-614,2736
-875,-596,2399
-790,-517,2212
-576,-417,2056
-276,-391,2080
-119,-323,2024
27,-315,1918
46,-247,1977
130,-204,1915
157,-175,1952
174,-232,2052
191,-325,2238
102,-366,2282
30,-333,2213
27,-301,2199
104,-235,2130
103,-189,2111
88,-233,2137
80,-260,2152
61,-279,2164
10,-265,2119
15,-291,2118
29,-295,2153
-10,-307,2141
-39,-312,2114
