-,-,-
71,-83,2093
76,11,2154
-319,-91,2131
-289,-45,2108
-245,-26,2120
-289,-67,2150
-307,-31,2113
-284,-64,2131
-315,-47,2115
-369,-86,2139
-276,-20,2113
-272,-64,2132
-295,-41,2147
-337,-82,2121
244,-15,2293
1002,387,2428
386,-91,2201
64,-428,2025
493,-325,2351
1106,24,2160
729,137,2082
-650,-554,2111
-1966,-661,1771
-1736,-299,1831
-1296,-41,1514
-757,-250,1762
-833,-19,1810
-1139,25,1733
-2180,-578,1810
-1575,-114,1856
-1225,-152,2079
-1168,-146,2198
-818,335,2077
-1352,-150,2220
-1897,-106,2464
-2127,364,2401
-2759,-170,2675
-2817,248,2815
-2368,154,2796
-1143,359,2376
-793,95,1866
140,433,1179
980,538,1078
755,-387,1405
771,-273,1256
965,892,1000
-3,287,1335
-51,357,1541
462,730,1583
345,904,1689
-334,794,1617
198,955,1756
-186,1021,1759
-309,949,1815
-170,844,1942
-165,740,2114
-273,921,1999
-359,866,2019
-268,898,1937
-115,882,2050
-333,837,1934
-445,905,1889
-276,917,1886
-396,828,1917
-377,823,1882
-382,749,1958
-382,801,1868
-445,838,1835
-195,865,1906
-266,876,1907
-340,846,1895
-167,924,1878
-353,869,1882
-329,797,1942
-181,875,1922


















-,-,-
-295,-58,2067
-209,-54,2097
-287,-5,2060
-404,-47,2059
-256,-56,2151
-228,-50,2221
-378,-58,2114
-384,-55,2138
-309,-65,2124
-362,-42,2060
-327,-52,2111
-41,-69,2236
422,231,2295
1017,305,2410
1123,-278,2400
1688,-208,2272
1976,306,1972
1028,-40,1796
-484,-1256,2290
-2959,-1363,2133
-2471,-455,1912
-1406,-292,2383
-1429,-72,1644
-1559,-519,1629
-1589,-413,1507
-986,-152,-30999
-472,-393,1121
-525,367,1760
-812,-161,1963
-1445,-232,2052
-823,-206,2155
-1272,75,2246
-2274,-204,3049
-2570,764,3475
-3646,-89,3805
-2136,592,3699
-1402,617,2995
-1755,-386,2212
259,-600,1570
1080,70,1310
390,-247,1100
330,329,505
-189,211,307
133,485,686
644,1246,621
199,1248,956
8,975,1365
-240,1009,1360
-98,1257,1412
-714,1050,1507
-98,1196,1574
-433,1221,1511
-936,1046,1599
-98,1212,1799
-377,1130,1843
-692,1061,1752
-329,1199,1699
-383,1090,1662
-582,1192,1607
-454,1126,1697
-517,1097,1716
-512,1160,1671
-428,1133,1696
-521,1159,1626
-456,1144,1682
-471,1169,1682
-386,1157,1751
-453,1156,1688
-567,1119,1694
-587,1092,1701
-338,1135,1719
-423,1165,1705
-445,1079,1712
-305,1139,1735
-438,1075,1641


















-,-,-
-266,123,2119
-306,112,2129
-295,131,2112
-311,137,2087
-323,137,2098
-289,64,2172
-319,106,2121
-358,156,2068
-350,78,2095
-409,63,2079
-81,166,2195
497,363,2456
1113,606,2481
1006,41,2480
1306,-40,2343
1599,201,2172
1514,238,2063
385,-188,1991
-1022,-381,1287
-1391,-579,1854
-2834,-881,786
-3108,-917,1353
-2149,-193,1691
-1213,254,1864
-1648,-300,2086
-1046,54,1766
-418,236,1747
-584,-32723,2189
-624,282,1911
-943,-30,1932
-952,-26,1925
-982,-61,2003
-989,0,1903
-1098,-25,2114
-1537,54,2244
-2877,190,2541
-2944,89,3302
-2795,397,3238
-2395,-59,3303
-1508,416,2688
-338,-32135,1974
-27,399,1310
818,602,1518
589,-476,1853
802,258,1627
909,562,1278
169,397,1146
-467,772,680
-261,976,757
-55,1074,922
-221,1018,922
-102,1360,1076
-275,1433,1096
-233,1049,1526
-149,1349,1476
-219,1254,1511
-325,1316,1520
-170,1337,1648
-356,1349,1621
-368,1264,1607
-450,1152,1654
-303,1280,1649
-359,1337,1587
-256,1264,1669
-399,1141,1773
-416,1206,1649
-373,1207,1641
-405,1248,1651
-344,1256,1634
-371,1073,1759
-409,1232,1596
-242,1307,1573
-364,1153,1672
-500,1218,1574
-340,1252,1568


















-,-,-
-286,232,2068
-333,225,2085
-292,196,2125
-368,184,2044
-281,207,2138
-319,197,2065
-308,259,2059
-370,209,2101
-373,140,2194
-69,307,2210
873,628,2576
1245,446,2846
1227,147,2299
1527,168,2216
2103,173,2499
514,-274,1536
-1289,-721,2076
-1040,-413,2275
-2583,-824,1307
-2637,-560,1441
-2359,-198,996
-1367,80,1507
-577,425,1884
-1519,-313,1624
-1666,-614,1658
-419,409,1905
-425,676,1737
-1474,-123,1447
-1139,229,1704
-1003,228,1740
-975,-70,2080
-683,321,1932
-982,267,1888
-1338,-24,2332
-1378,181,2489
-1621,312,2577
-1868,16,2822
-1675,424,2755
-1566,726,2865
-1960,434,2695
-1229,486,2892
-1190,576,2606
-1988,585,2084
-701,252,2404
-681,780,1888
-789,1039,1256
15,583,1131
393,765,681
80,608,373
919,565,470
529,998,427
94,656,369
388,1267,539
92,1597,449
279,1267,1060
559,1949,820
26,1559,1135
190,1235,1582
-273,1547,1307
207,-31205,1540
403,1622,1655
-553,1337,1480
-300,1476,1397
230,1616,1636
-204,1320,1558
-358,1361,1376
47,1430,1523
-211,1446,1406
-27,1508,1424
5,1407,1580
-289,1387,1453
84,1593,1466
83,1510,1545
-284,1318,1478
-70,1431,1501


















-,-,-
-302,181,2091
-278,54,2197
-284,219,2064
-369,97,2117
-259,194,2109
-273,187,2130
-313,93,2165
-326,170,2138
-304,169,2149
368,395,2432
980,472,2483
1564,407,2389
1130,296,1931
1390,664,1632
1596,-110,2358
362,-452,2573
-689,-620,2242
-1440,-833,2363
-2268,-1057,1610
-2319,-442,1186
-1552,179,1419
-1670,-440,1243
-1359,-747,2300
-1578,-81,1709
-1153,-20,2188
-829,548,1865
-1079,241,1799
-755,77,2172
-707,283,1935
-801,325,1836
-926,152,1997
-1003,138,2195
-1261,353,2148
-1770,304,2375
-2630,-58,2379
-2023,612,2692
-2448,977,2610
-2078,186,3202
-1560,624,2759
-1345,764,1854
-774,1061,1210
-70,969,1028
561,621,753
1736,823,1440
135,355,1338
786,420,1359
775,-123,1659
-408,236,1027
356,921,831
440,1415,895
39,1451,1066
392,1242,1463
-250,1001,1526
-359,1356,1294
559,1695,1642
-165,1204,1740
-479,1149,1733
183,1315,1850
41,1366,1726
-158,1272,1640
-253,1223,1647
-38,1277,1658
-108,1430,1510
-169,1138,1695
-88,1360,1587
-96,1227,1692
-89,1869,1632
-258,1245,1580
-74,1280,1718
-35,1301,1646
-167,1223,1616
-274,1231,1581
-21,1246,1685
67,1332,1721
-224,1251,1642


















-,-,-
-319,189,2082
-261,127,2145
-268,163,2122
-301,166,2124
-277,183,2115
-289,200,2116
-273,173,2098
-391,149,2091
-437,47,2135
-727,85,1956
-545,122,2155
8,247,2333
477,446,2350
1258,737,2485
1501,669,2510
1306,252,2513
1307,99,2408
996,-111,2228
756,288,1712
-829,-180,1705
-2422,-618,1355
-2894,-930,1506
-2163,-741,1922
-1623,-195,1408
-2026,-186,1244
-229,256,2085
-551,436,1808
-1323,-279,1828
-1128,-113,1684
-733,272,1688
-557,108,2100
-773,188,1947
-867,162,1878
-854,19,2008
-1049,-52,2096
-1475,51,2208
-2177,323,2620
-1969,732,3560
-2808,258,3382
-4255,-1247,3618
-1702,-121,2964
290,1033,2090
-87,1252,1206
-53,88,1263
398,231,1373
-96,-527,1212
974,651,725
428,839,905
692,854,1055
406,834,1046
-412,566,1162
141,1431,959
-280,1056,1181
-177,1287,1509
-274,1322,1358
-370,955,1737
-401,1231,1680
-229,1498,1619
-253,1215,1820
-426,1171,1746
-217,1406,1676
-293,1291,1674
-602,1129,-31109
-230,1184,1698
-228,1381,1533
-436,1277,1487
-366,1153,1592
-234,1189,1684
-399,1237,1596
-291,1330,1518
-254,1225,1703
-280,1254,1596
-337,1227,1620
-283,1211,1669
-129,1338,1625


















-,-,-
-281,175,2178
-347,149,2087
-322,211,2104
-361,174,2135
-376,162,2148
-409,147,2104
-363,147,2118
-274,239,2066
-362,147,2083
-310,195,2086
-327,249,2098
-69,327,2256
764,653,2574
713,482,2527
1000,344,2559
2399,773,2935
1849,158,2918
620,-287,2059
310,-552,1253
-1218,-270,1156
-1906,-1235,2134
-2376,-975,1265
-3286,-985,1105
-2389,-234,1307
-1306,-27,1391
-1255,-48,1663
-362,357,2081
-1107,108,1747
-813,125,2034
-819,228,1930
-953,37,2019
-683,129,2171
-883,234,1871
-838,126,1969
-872,60,2010
-924,171,2051
-1196,129,2066
-1363,33,2188
-1535,242,2305
-1840,-2,2561
-2091,286,2428
-2973,510,2357
-2859,720,2411
-2988,-109,2552
-2300,-319,2199
-393,796,2114
149,272,1979
479,-317,1561
1764,370,994
1573,900,528
1242,461,1064
736,742,1118
157,1134,919
99,955,1303
1,1043,1452
-534,1190,1430
-378,1083,1450
-120,1225,1597
-500,1377,1500
-307,1188,1546
-84,1304,1635
-381,1249,1535
-433,1326,1510
-48,1361,1669
-434,1138,1644
-331,1289,1513
-36,1460,1557
-217,1318,1591
-386,1294,1473
-287,1321,1533
-88,1254,1709
-121,1240,1619
-338,1281,1401
-276,1282,1449
-82,1484,1567


















-,-,-
-412,286,2106
-400,385,2083
-411,313,2094
-414,310,2086
-429,276,2097
-449,380,2008
-420,329,2056
-415,312,2050
-369,370,2016
-302,396,2010
-297,214,2216
-178,367,2163
177,597,2206
502,755,2347
579,670,2347
903,566,2498
2248,752,3044
1943,693,2275
-211,291,1676
-907,-904,2290
-1039,-916,2069
-3233,-1440,963
-2514,-682,1308
-342,-28,910
-1500,-547,1939
-1241,-65,1611
-997,321,1545
-1017,520,1466
-1145,178,1547
-1221,175,1579
-1166,276,1627
-975,129,1940
-1066,234,1806
-1020,153,-30889
-1024,168,1928
-949,377,1901
-1030,277,1950
-1328,42,2259
-1528,226,2339
-1427,455,2640
-2535,26,2584
-2388,853,2946
-1912,1040,3111
-2677,583,2673
-3465,152,2117
-2094,230,1789
-266,938,1688
282,1106,1493
-313,398,860
667,77,767
490,759,152
1328,444,719
1172,438,1243
614,557,1265
281,1080,881
513,1442,1021
-149,1405,1177
-206,1247,1186
443,1684,1508
-496,1338,1443
-27,1462,1554
354,1629,1676
-628,1179,1534
-275,1305,1451
-8,1635,1211
-393,1342,1281
-400,1417,1257
-88,1506,1505
-180,1417,1439
-24,1705,1330
23,1671,1371
-25,1614,1399
-146,1511,1458
-182,1481,1467
-71,1527,1401


















-,-,-
-147,-395,2093
-162,-473,2114
-126,-459,2128
-35,-379,2111
-116,-420,2147
-155,-380,2101
-164,-344,2077
-138,-458,2121
26,-372,2138
-179,-378,2083
-206,-430,2083
-140,-369,2108
-109,-378,2175
-84,-461,2168
348,-228,2271
535,-120,2269
491,-194,2163
2081,-13,2772
2081,-13,2401
770,-835,2028
517,-853,1999
-163,-120,975
-1412,-1228,1445
-1388,-1006,1719
-1916,-1054,1536
-1538,-576,1860
-1573,-680,1714
-2294,-639,959
-1810,-828,1650
-999,31,1664
-1630,-292,1480
-966,-214,2014
-746,-22,1845
-1017,-601,2175
-1044,-436,2259
-1134,-108,2079
-1439,-593,2359
-1346,-543,2777
-1972,-319,2545
-2696,-974,2605
-2378,-410,2587
-1831,-285,2786
-1477,-253,2703
-1572,-134,2641
-1531,-386,2087
-102,7,1759
516,245,1555
-91,551,903
954,946,448
659,414,1063
345,-276,1388
372,464,1358
283,684,1484
63,773,1520
-42,897,1458
-65,716,1659
59,1035,1526
-253,1112,1529
-129,911,1818
14,1027,1775
-134,1027,1837
-308,1058,1772
-198,892,1833
-70,933,1908
-158,1044,1834
-461,857,1813
-379,906,1818
-122,1083,1819
-284,1010,1786
-293,1007,1762
-91,847,1911
-248,889,1902
-265,975,1826
-176,960,1854
-293,910,1865


















-,-,-
265,430,2163
222,-256,2535
-5,-121,2242
238,138,2235
294,86,2179
252,128,2023
575,346,2102
307,147,2021
83,260,1942
-52,74,3080
-91,60,2117
326,228,2262
404,164,2246
1758,256,2645
1560,-201,2455
1698,-452,2485
1716,-306,2245
1368,-211,1915
1265,19,1684
-608,-1150,1136
-481,-901,2023
-3343,-2197,1493
-5300,-1777,683
-3419,-1363,1810
-1419,-608,2062
-774,159,1488
-1148,30,1376
-1257,-260,1589
-917,-108,1851
-841,-24,1891
-555,14,2039
-720,0,1896
-1177,-298,2054
-1275,-399,2327
-1250,-50,1934
-1638,-274,2201
-2492,-445,2643
-3466,-430,2928
-4448,-445,3439
-3683,-216,3561
-2290,-503,3177
-961,-765,2434
707,-453,1347
845,-8,430
2089,1075,719
967,359,1155
635,-355,1497
879,588,1066
-219,1103,484
272,832,998
316,1347,869
129,1325,929
190,1622,1060
-173,1376,1263
-83,1079,1610
-205,1233,1533
-251,1441,1405
-164,1337,1505
-52,1381,1683
-205,1393,1638
-404,1326,1541
-202,1408,1649
-64,1440,1580
-285,1411,1519
-371,1205,1585
-220,1262,1565
-201,1312,1523
-152,1321,1557
-394,1294,1466
-106,1377,1539
-158,1382,1615
-171,1217,1632
-198,1371,1572
-85,1425,1597
-274,1228,1668


















-,-,-
-287,20,2096
-348,5,2138
-318,42,2145
-405,-33,2165
-337,74,2124
-305,71,2127
-403,-42,2113
-422,33,2017
-412,84,2019
-665,-46,2010
-649,-43,2057
621,-78,2710
935,241,2660
1193,203,2604
1924,278,2798
2771,99,2982
1502,-460,2288
617,-546,1882
-81,-171,1031
-1401,-1613,1858
-3246,-1110,704
-3767,-849,566
-2351,-335,1334
-1151,-693,2275
-1038,-513,1966
-684,53,1453
-1198,-169,1331
-879,-93,1584
-1164,-201,1638
-1327,-459,1996
-1081,158,2571
-1706,-761,3225
-1017,332,1634
-696,408,1456
-879,-102,1815
-1300,-186,1836
-1594,-199,2186
-2035,-260,2414
-2673,-354,2459
-2339,26,2913
-2368,-219,3097
-1994,221,3266
-1802,169,3053
-629,241,2684
273,883,2113
-454,207,1990
-92,507,1379
-242,170,932
504,-52,922
980,524,343
1118,1093,655
516,227,1212
694,1099,829
483,1462,797
-384,744,1120
218,1360,955
204,1898,710
179,1348,1266
117,1595,1235
-298,1341,1445
125,1459,1646
25,1542,1470
-228,1437,1871
25,1445,1576
58,1433,1594
-385,1413,1462
-23,1508,1500
-104,1486,1523
43,1460,1526
-62,1514,1478
-16,1365,1562
-130,1326,1576
-65,1322,1540
138,1469,1563
-73,1533,1385


















-,-,-
-423,-86,2145
-373,19,2076
-223,34,2131
-301,-20,2125
-198,-48,2140
-209,155,2036
-231,86,2057
-440,-113,2143
-518,-40,2103
100,186,2434
1525,464,2998
1344,22,2607
1596,196,2312
3273,694,2671
1113,-603,1837
454,-922,1922
-763,92,1181
-2074,-1908,2034
-1093,-305,2104
-3179,-1365,995
-2678,-939,899
-2001,-501,1121
-1297,-689,1616
-998,-141,1458
-806,238,1469
-1138,151,1680
-1905,136,2206
-1894,-945,2967
-1150,374,1318
-668,347,1574
-732,-117,1859
-1264,-249,1833
-1190,-153,2003
-1060,125,1895
-1042,55,2046
-982,-49,-30563
-1163,-109,2109
-952,3,1996
-892,113,1827
-957,-34,1871
-1193,-251,1996
-1699,115,1821
-2194,81,1995
-2323,-296,2538
-2011,202,2453
-1755,266,2490
-946,99,2759
-1573,560,2121
-1836,516,1755
-1951,535,1202
-257,1050,1834
-1068,1014,1641
-67,1162,1807
78,328,1678
-379,186,931
459,775,653
518,821,770
-204,264,969
277,904,843
289,1268,738
-108,1308,843
30,1389,1025
-119,1099,1301
87,1565,1278
38,1690,1325
-654,1160,1449
-482,1152,1686
-283,1407,1652
-157,1517,1652
-204,1427,1678
-488,1178,1695
-408,1305,1559
-266,1396,1520
-290,1304,1571
-270,1409,1524


















-,-,-
-86,2120,-296
-284,-30,2195
-337,-24,2121
-290,15,2090
-373,-76,2112
-459,-62,2072
-681,-117,2070
436,315,2560
1325,588,2802
1192,386,2483
1171,68,2225
1142,37,2063
716,-242,1879
1184,218,2006
-732,-180,825
-1535,-1335,2047
-844,-545,2396
-2265,-1125,1437
-2494,-1172,1250
-1715,-485,1338
-1487,-964,1906
-1449,-699,1655
-1469,-600,1922
-1370,-317,1774
-986,-50,1918
-640,-62,2195
-875,-324,2206
-895,-128,1931
-718,-144,2006
-667,-94,2097
-868,-118,1936
-916,-175,1841
-684,-134,1914
-885,-128,1783
-959,-110,1728
-819,-72,1857
-574,20,1920
-747,-33,1849
-659,-44,1986
-673,-81,2072
-981,-223,2078
-721,56,2178
-1056,-103,2013
-919,25,1821
-789,-73,1891
-873,-106,1859
-880,-290,2064
-816,-221,2051
-839,55,1747
-846,27,1853
-755,-99,2162
-636,43,2084
-771,141,1810
-733,33,1965
-755,-83,2092
-861,-29,1912
-775,56,1970
-726,112,1870
-768,20,1972
-811,-4,1885
-758,-9,1898
-673,44,1967
-738,-23,2059
-839,-71,2063
-755,-8,1976
-697,27,1956
-598,33,2002
-705,-20,2031
-836,-93,1972
-741,-57,1982
-738,-9,1937
-686,-2,2010
-675,36,1952
-697,-12,2014


















-,-,-
-388,223,2075
-504,144,2038
-507,107,2054
-458,211,2020
-534,159,1989
-439,113,2106
-518,115,2084
-594,108,2050
-497,81,2124
-436,221,2047
-515,193,2033
-505,71,2086
-368,209,2063
-508,112,2088
-280,161,2170
-366,246,2006
-471,72,2026
-498,42,2064
-590,154,2030
-600,134,2067
-558,98,2080
-469,88,2087
-263,196,2103
852,637,2468
1771,712,2589
1036,97,2186
1743,-448,2713
866,-320,2049
1014,-60,2046
390,-253,2193
-1876,-765,1535
-1558,-1096,2295
-1508,-808,1809
-3511,-1325,782
-3496,-1640,1199
-2064,-592,1391
-1402,58,1459
-1002,350,1982
-1021,394,1826
-1323,-151,1919
-1201,-28,1905
-1300,20,1969
-1599,-256,2580
-1815,255,2701
-2568,175,2777
-3267,-55,3004
-3234,-222,3136
-2645,-278,2955
-2125,-248,2349
-742,-206,1931
440,434,1074
1773,765,722
1211,452,681
1575,625,886
683,-8,1189
308,462,1167
482,1328,893
312,1500,952
-414,858,1226
-170,1582,1071
-169,1316,1368
-272,1121,1641
-479,1243,1507
-476,1214,1616
-269,1357,1614
-385,1382,1585
-247,1340,1716
-272,1192,1756
-439,1242,1650
-411,1285,1557
-317,1308,1537
-331,1309,1519
-502,1194,1521
-437,1291,1486
-186,1447,1511


















-,-,-
-455,-54,2147
-434,62,2110
-508,46,2102
-474,-26,2185
-398,117,2083
-499,-27,2137
-478,62,2064
-365,131,2047
-504,-12,2052
-453,37,2062
-419,119,2007
896,556,2707
1136,579,2779
670,-74,2519
1693,74,2691
1522,-68,2424
685,-563,2277
2766,823,3303
73,-271,1472
-2614,-3027,1877
-3596,-2843,1201
-3074,-273,1040
-1463,-43,1398
-1969,-496,1504
-1483,-650,1595
-726,41,1746
-780,252,1634
-825,271,1675
-900,196,1834
-989,-65,2088
-1002,-51,2095
-694,-51,2341
-918,-94,2142
-893,11,2221
-964,4,2065
-1017,-5,2098
-1013,-80,2306
-1382,-81,2393
-2125,-224,2623
-2458,-148,3198
-2846,-315,3387
-2727,-543,3377
-1652,-139,2699
-1508,416,2024
217,1049,1902
6,1261,1190
-263,504,1009
831,585,1206
1034,468,1092
126,-259,1190
575,688,843
969,1451,517
62,1212,753
-267,1202,518
540,1441,997
-187,1267,1030
-664,1220,976
-144,1613,1153
-240,1676,1164
-553,1429,1269
-149,1619,1442
-248,1739,1331
-296,1474,1533
-276,1411,1571
-283,1530,1478
-380,1419,1499
-405,1483,1407
-312,1480,1398
-276,1458,1434
-420,1337,1371
-230,1469,1449
-240,1496,1407
-230,1500,1378
-365,1465,1323
-301,1450,1376


















-,-,-
-394,229,2025
-398,220,2048
-376,190,2104
-333,229,2114
-360,192,2121
-426,193,2101
-389,210,2138
-426,161,2129
-481,165,2070
-515,207,1998
-128,277,2193
923,815,2323
1051,353,2352
2417,255,2992
2735,768,2517
1544,-236,2415
373,-224,1696
-1150,-377,685
-993,-1529,2668
-1695,-2089,2097
-3289,-1435,659
-2371,-1475,1639
-2881,-1631,1459
-1524,-442,2255
-1388,242,1452
-269,635,2717
-1245,226,1871
-943,185,1794
-728,333,1665
-690,89,2059
-724,87,1986
-891,-5,1973
-1111,33,1983
-1208,-13,2155
-1384,203,2379
-1357,324,2965
-1482,315,3205
-1927,-64,3079
-1580,227,2801
-1759,549,2503
-2144,254,2365
-1836,512,2430
-1452,196,1940
-279,1182,1436
-236,1310,1063
-583,-291,1042
839,617,697
1740,1468,456
1549,629,993
784,748,957
403,806,984
661,1128,1162
186,1306,924
61,1444,973
44,1614,1099
-451,1371,1085
7,1587,1388
-197,1625,1330
-261,1441,1497
-365,1552,1349
-270,1606,1329
-234,1511,1392
-326,1571,1358
-148,1598,1335
-173,1507,1395
-131,1427,1472
-320,1469,1310
-153,1566,1337
-91,1533,1420
-276,1352,1465
-221,1538,1339
-98,1554,1385
-193,1502,1396
-85,1521,1411
-244,1490,1354


















-,-,-
-431,158,2004
-340,124,2132
-337,220,2068
-348,242,2017
-364,174,2038
-130,161,2238
400,436,2417
1148,750,2375
1376,221,2362
2003,-174,2625
1487,-40,1793
924,64,1601
614,34,1731
-1463,-720,1242
-2133,-926,1881
-1308,-413,2812
-2935,-1133,1550
-2317,-800,1907
-1743,-315,1753
-1083,49,2527
-1912,-457,1610
-681,367,1635
-679,8,1875
-795,-84,1915
-691,165,2141
-313,-37,2088
-904,46,1917
-626,124,1963
-633,75,1997
-752,65,2036
-714,98,1997
-926,-52,1866
-792,15,2070
-730,152,1898
-776,59,2015
-1099,-47,2110
-1435,-63,2447
-2407,241,2896
-2749,303,3609
-2527,766,3704
-3845,-379,3505
-2589,-1056,3571
-522,451,2094
801,650,1752
1462,727,1242
561,112,534
534,558,612
1242,575,565
796,247,977
378,475,1110
530,649,1212
377,1074,1011
205,1246,994
126,1458,953
-228,1284,1086
-274,1322,1139
-78,1622,1121
-287,1465,1276
-227,1462,1426
-73,1566,1556
-320,1394,1589
-255,1390,1648
-219,1461,1589
-298,1318,1541
-188,1485,1530
-108,1390,1605
-175,1337,1531
-289,1420,1407
-217,1450,1385
-99,1513,1942
-203,1384,1466
-253,1360,1449
-82,1584,1370
-191,1422,1451
-287,1371,1381


















-,-,-
58,-355,2159
54,-371,2167
90,-398,2166
82,-333,2150
109,-298,2106
194,-326,2139
134,-272,2080
129,-299,2118
-24,-509,2135
112,-433,2123
217,-309,2185
1127,79,2403
2665,377,2577
1760,-95,2158
1770,-782,2425
2634,-532,2466
1251,-597,1762
-823,-1564,1475
-1752,-1370,1346
-1650,-663,1384
-2917,-2290,1941
-3417,-1950,1918
-1914,-792,1722
-1711,-58,1291
-950,-103,1654
-804,247,1497
-776,106,1628
-638,-168,1927
-556,-261,1974
-362,-309,2188
-135,-322,2290
-502,-281,2129
-504,-239,2175
-583,-355,2283
-714,-344,2364
-1063,-406,2394
-1076,-405,2673
-1387,-485,2795
-1780,-626,2941
-1568,-552,3096
-1261,257,3147
-1583,940,3656
-1335,322,3111
-608,-50,2129
462,-72,1839
-433,-1175,1814
-61,-584,1269
1087,-183,1022
747,462,816
1038,1077,707
1228,709,1028
-600,-115,1182
-93,92,1342
1076,901,1538
329,1032,1443
310,891,1636
593,1224,1657
95,890,1830
47,1017,1932
397,1112,2019
115,698,2087
-238,661,2044
67,788,2020
268,858,2015
-37,795,1949
-235,798,1884
234,938,1943
127,754,1979
-88,595,1987
247,987,1878
86,896,1873
61,879,1895
202,847,1971
130,797,1937
-30,717,1952


















-,-,-
-334,-135,2075
-351,-246,2103
-283,-225,2142
-241,-129,2091
-172,-117,2088
-238,-221,2137
-231,-166,2123
-258,-134,2083
-352,-222,2130
-219,-253,2146
-137,-114,2141
453,28,2414
1205,96,2820
1932,61,2536
2370,-491,2770
987,-876,2145
1160,-319,1960
658,499,1888
-1877,-908,1512
-1607,-1580,2483
-2645,-894,1555
-2860,-509,1004
-1314,-138,1145
-1722,-614,1452
-1878,-832,1572
-1306,-191,1634
-947,53,1957
-1228,116,1801
-1046,0,2030
-693,40,2052
-1074,-475,2090
-734,-226,2093
-863,-162,1950
-838,-197,1976
-786,-75,1981
-733,-27,2061
-1275,-295,2092
-1673,-489,2207
-1807,-113,2409
-3382,-376,2357
-3409,-750,3056
-2104,-301,3883
-1160,124,4041
-2311,-389,2968
-559,-874,2235
463,469,1115
1322,26,814
2115,46,898
985,200,686
443,-473,769
834,294,1034
436,476,1104
949,1019,1322
680,1036,1448
-131,509,1581
45,907,1542
120,1113,1567
215,1134,1595
40,1085,1665
129,1124,1717
162,984,1932
89,961,1937
74,959,1961
49,905,1991
-78,938,1929
69,1026,1899
66,942,1969
69,917,1976
106,879,1963
-43,836,-30825
72,820,1908
175,1022,1816
130,1009,1824
137,962,1906
110,974,1891


















-,-,-
-290,-156,2091
-330,-102,2049
-263,-197,2178
-221,-120,2109
-202,-201,2155
-268,-187,2121
-116,-188,2163
202,-90,2290
990,-4,2599
1052,-97,2475
2441,-159,2849
2334,-195,2344
1085,-660,1691
1387,-794,1962
631,-911,1831
-2354,-1844,1382
-2843,-1927,1438
-2114,-443,1393
-1957,-312,1482
-225,-168,1508
-1623,-885,2009
-1521,-877,1830
-1338,-355,1432
-629,-131,1973
-560,90,2043
-1629,-618,1742
-929,-354,2012
-520,-198,2239
-1062,-424,2075
-699,-221,1992
-609,-170,2059
-818,-318,1925
-794,-470,2026
-677,-278,2087
-1388,-312,2097
-1609,-480,2370
-866,-352,3018
-1057,46,3020
-1337,182,2902
-2411,-278,2706
-2958,-342,2559
-3650,-32421,1803
-2371,-582,2687
-696,160,2208
-61,519,1515
574,-997,1852
448,7,610
1113,318,810
1516,-361,1465
640,432,1142
865,810,1277
936,991,1378
413,1145,1346
117,754,1534
142,1374,1347
231,1291,1431
-130,1067,1426
-179,1203,1443
-18,1277,1568
307,1333,1972
36,1239,1715
-224,1088,1728
-246,1190,1695
-13,1134,1830
-25,1171,1834
-252,1046,1753
-56,1009,1850
26,1169,1792
-26,1147,1765
-208,1115,1712
-134,1039,1768
-23,1037,1823
57,1137,1830
33,1098,1770
-64,1132,1743


















-,-,-
-346,-84,2078
-314,-85,2101
-318,-173,2131
-237,-96,2124
-279,-169,2209
-256,-47,2095
-183,-84,2208
817,60,2709
1641,76,2729
1087,-293,2152
1562,-536,2385
1366,-357,2045
550,-588,1776
882,-226,1970
-682,-233,1564
-1722,-1166,2329
-3258,-2010,1479
-2964,-344,917
-581,-65,1874
-2731,-1013,1506
-1107,-410,2050
-608,2,2012
-568,334,1784
-838,364,1603
-834,-148,2047
-632,9,2170
-953,-72,2064
-813,-267,2338
-606,178,2192
-808,-16,2245
-1146,-117,2147
-1207,157,2202
-1278,-89,2677
-1502,-34,3759
-1878,432,2619
-1662,211,3079
-1798,206,3166
-2306,188,3108
-2113,92,2918
-1798,-329,2729
-1171,-349,2155
-226,509,1754
-81,607,1113
355,657,298
1112,361,179
1411,157,507
934,636,401
717,640,886
1262,503,1499
608,1275,985
571,1362,1094
305,1134,1253
361,1424,1214
401,1582,1448
382,1352,1492
86,1295,1567
55,1327,1650
197,1169,1852
180,1247,1765
114,1205,1742
-76,1040,1807
400,1147,1784
219,1179,1664
130,1213,1577
391,1280,1530
-124,1183,1594
130,1182,1519
244,1140,1671
166,1249,1594
98,927,1685
87,904,1795
-32,1018,1584
-57,1040,1558
120,918,1500
583,503,1728


















-,-,-
-256,-297,2115
-263,-236,2114
-291,-327,2232
-303,-342,2181
-193,-215,2093
-151,-206,2135
-259,-311,2124
-225,-256,2069
-214,-180,2030
-170,-305,2146
-126,-305,2211
364,-96,2279
1501,-85,2683
1696,-130,2456
981,-304,1865
1043,-384,1857
1152,-186,1702
100,-582,1362
149,-1000,2084
-262,-556,2141
-2212,-1313,2070
-1656,-942,2067
-1339,-304,1821
-1590,-981,1593
-925,-625,2371
-928,-338,1722
-800,-368,1831
-968,-558,2062
-1129,-983,2472
-966,-435,2035
-551,-68,1818
-564,-188,1831
-715,-343,1942
-354,-300,2232
-778,-360,1950
-748,-461,2050
-611,-337,2094
-1101,-520,2122
-1730,-755,2553
-1872,-163,2951
-2364,-612,3539
-2528,-1486,3741
-1631,-832,3197
-1166,-626,2988
-784,-429,2660
-934,-212,1835
-203,-32063,1347
471,63,1511
255,-905,1558
943,-414,830
1732,600,669
537,554,619
596,113,1071
1228,992,1314
593,1050,1274
357,801,1378
461,1145,1550
192,1112,2034
-66,778,1717
379,962,1824
333,1141,1816
-238,817,1923
-142,847,1963
324,965,1956
155,861,2049
-110,720,2027
-16,987,1914
207,866,1999
175,909,1987
118,932,1920
124,995,1847
127,938,1868
93,869,1863
129,901,1867
209,964,1849


















-,-,-
-327,19,2040
-386,-34,2041
-311,-38,2092
-333,41,2051
-377,-61,2151
-333,-77,2211
-375,84,2036
-440,-6,2043
-733,-62,1935
-841,-264,1934
-426,-220,2071
123,-61,2154
824,249,2415
1907,368,2899
1643,184,2607
1658,-57,2509
2060,-43,2523
994,-474,2003
150,-764,1890
11,-261,1581
-1585,-1096,1083
-1577,-1153,1729
-1161,-614,1361
-2450,-1047,1157
-2388,-921,1438
-1633,-872,1690
-1762,-634,1661
-1045,-165,1906
-1574,-562,1744
-1097,-264,1807
-1017,-176,1783
-1154,-276,1837
-907,-253,2042
-947,-205,1882
-983,-367,1942
-590,-290,2087
-653,-142,1912
-861,-249,1891
-772,-294,1969
-837,-274,1945
-890,-383,2160
-1372,-524,2221
-1812,-543,2337
-1916,-653,2579
-1618,-421,2530
-1801,-198,2482
-2147,-396,2474
-2138,-71,2354
-1968,-361,2520
-1356,85,2887
-1329,976,-30159
-2145,36,2332
-250,-304,2127
-483,292,1651
984,508,983
958,472,825
475,-1026,1212
2295,625,832
1301,1026,660
415,670,784
444,1175,903
-275,909,1011
320,1254,1291
255,1834,991
-87,1203,1340
161,1311,1426
308,1604,1408
267,1433,1558
17,1504,1541
-136,1069,1726
172,1346,1651
190,1369,1600
-119,1115,1662
187,1286,1602
173,1151,1690


















-,-,-
-298,-208,2059
-357,-218,2106
-324,-386,2213
-328,-349,2177
-286,-275,2132
-207,-105,2036
-223,-257,2116
-249,-232,2105
-380,-227,2070
-588,-433,2085
-218,-228,2151
449,-20,2442
895,-28,2703
1451,-82,2810
1361,5,2352
1377,-65,2164
1392,-205,1969
745,-465,1711
479,-306,1595
-91,-426,1252
-1110,-1832,2061
-2035,-1839,1699
-2425,-527,791
-1870,-1183,1599
-2090,-685,1490
-1605,-1097,2034
-893,-498,1702
-1173,-197,1311
-1139,-36,1893
-1251,-453,1814
-1138,-388,2026
-902,-491,2186
-517,-397,2273
-473,-279,2401
-761,-415,2330
-833,-502,2469
-1073,-486,2568
-1571,-564,2710
-2071,-754,2665
-2209,-654,2451
-2016,-577,2514
-1578,-461,2557
-1781,-16,2437
-1870,-297,2760
-1913,-705,2385
-985,-253,1834
216,54,1235
1138,328,1127
1155,370,948
1420,998,708
1098,678,1086
277,271,1602
727,872,1357
461,796,1304
-134,1109,1342
-2,981,1351
362,1276,1277
-190,1328,1361
-226,880,1579
76,1469,1334
-105,1130,1527
-132,1103,1625
-5,1200,1649
-80,1102,1717
-304,1038,1763
-65,1058,1901
-24,1012,1858
-173,938,1901
-68,1032,1841
34,1086,1785
-79,1074,1793
167,897,1922
-74,872,1780
-219,820,1692
-104,879,1822


















-,-,-
-469,-163,2122
-394,-155,2101
-279,-84,2083
-195,-10,2098
-309,-114,2116
-450,-135,2096
-374,-127,2150
-120,-30,2210
-60,17,2242
875,207,2680
931,18,2433
1025,-306,2528
1238,-310,2437
731,-197,1840
177,-760,1893
1,-528,2017
-455,-630,1548
-1254,-1003,2060
-2869,-2291,1652
-2454,-798,1405
-1590,-100,1516
-1557,-270,1401
-1329,-963,2034
-1256,-595,1920
-696,-89,2297
-1088,-482,2320
-590,235,1737
-863,-65,1732
-801,-513,2244
-605,-236,2170
-845,-137,1678
-843,-297,1975
-743,-302,2131
-814,-169,2027
-710,-54,2071
-1041,-224,2242
-1324,-242,2536
-1525,-148,2889
-1898,-455,3266
-1934,-209,2962
-2760,-416,2790
-2591,-1033,2893
-2039,-107,2329
-1797,-186,2099
-291,321,2200
84,1124,1264
276,-164,1214
1559,-451,1448
790,-928,1661
1224,36,1296
1277,1151,842
371,1080,893
64,720,1172
-170,954,1356
82,1156,1559
-183,974,1526
-434,906,1620
-130,1090,1699
-215,1008,1739
-262,1053,1717
-91,1155,1755
-356,1051,1760
-179,1074,1763
-154,1105,1751
-312,1011,1709
-295,958,1782
-270,1137,1660
-244,1190,1541
-179,1039,1736
-147,945,1713
-337,1032,1661
-240,977,1723
-178,853,1756
-311,674,1862
-359,746,1807
