-,-,-
-1429,-78,1506
6,1439,-768
65,-135,2158
74,-123,2133
85,-117,2141
80,-104,2137
30,-97,2160
49,-113,2098
31,-122,2160
20,-104,2208
34,-117,2157
70,-107,2159
34,-105,2139
16,-114,2179
13,-113,2145
39,-95,2182
98,-93,2134
157,-100,2127
128,-99,2216
247,-134,2180
444,-135,2149
820,-59,2235
1170,5,2316
1348,63,2275
1430,121,2013
1437,-19,2018
1004,-50,1997
546,-284,1843
52,-290,1463
-530,-681,2141
-1755,-560,2867
-1701,-479,2210
-1549,-322,2509
-931,-236,2172
-343,-141,2168
-22,-81,2189
187,-109,2124
-26,-51,2121
-213,-75,2549
-207,-3,2775
-748,99,3109
-1002,200,3284
-1275,293,3456
-2026,336,3512
-2221,287,3193
-1734,186,2569
-780,-113,1901
-468,-152,1563
-218,-387,1372
676,-256,1063
1470,-267,696
1710,-141,1099
1812,-138,1552
1347,41,1828
1007,293,1681
578,476,1734
218,611,1882
301,737,1661
83,805,1714
-112,761,2159
-62,771,2145
117,844,1990
190,862,2147
-22,838,2260
35,834,2097
43,780,2028
108,780,1958
12,761,1916
-87,765,1922
-49,809,1847
-22,796,1859
-92,856,1935
-91,835,1966
-51,833,1962
-52,863,2034


















-,-,-
-152,-81,2080
-126,-86,2145
-163,-74,2145
-162,-83,2144
-162,-69,2139
-142,-67,2148
-147,-59,2144
-149,-67,2155
-177,-72,2185
-175,-52,2113
-176,-51,2122
-180,-43,2160
-191,-55,2175
-152,-58,2162
-140,-52,2108
-165,-65,2144
-134,-72,2134
-164,-71,2119
-184,-65,2124
-165,-64,2091
-154,-95,2165
113,-78,2282
455,-61,2219
874,2,2469
1210,149,2869
1849,137,2539
2317,192,2459
3116,-253,1858
2130,-653,892
-686,-1132,2008
-2913,-942,2634
-3433,-924,1913
-2822,-477,1894
-2103,-269,2512
-1142,-120,2208
-757,-40,2202
-272,-5,1946
-200,35,1793
-713,52,2495
-978,134,2361
-1167,238,2401
-1321,362,2917
-2042,453,3326
-2770,426,3596
-3009,329,3058
-2442,40,3640
-2103,-428,3383
-1163,-838,2796
253,-1145,2397
1249,-1110,1128
1950,-553,249
2215,-123,-403
1798,17,-167
951,75,916
400,362,1472
-5,676,1702
-170,914,1860
-285,1077,1855
-392,1158,1944
-514,1126,2091
-355,1081,2128
-277,1088,2052
-365,1008,3116
-504,980,1889
-521,969,1912
-522,924,1942
-370,951,1762
-405,976,1817
-402,980,1802
-351,985,1776
-541,965,1873
-483,943,1793
-436,935,1728
-367,956,1736
-384,1002,1754


















-,-,-
-301,-159,2120
-346,-168,2037
-350,-181,2118
-344,-158,2123
-319,-169,2127
-337,-152,2080
-356,-162,2114
-316,-163,2131
-356,-130,2085
-378,-167,2120
-354,-166,2103
-340,-159,2134
-380,-153,2126
-370,-147,2079
-362,-151,2127
-375,-134,2119
-363,-130,2109
-360,-161,2123
-333,-159,2103
-266,-200,2094
-39,-168,2336
404,-190,2380
1061,162,2898
1755,82,3053
2320,63,2688
2448,-115,2426
1479,-590,1712
-447,-921,1405
-936,-1169,1898
-2944,-758,2028
-3575,-824,1990
-2805,-410,1671
-2304,-151,2519
-1364,-2,1938
-1010,-98,1692
-815,-111,1526
-1155,76,1937
-1475,-153,2211
-2183,207,2237
-2648,206,2466
-2986,486,2709
-3525,531,2756
-3486,215,3255
-2025,-626,3927
397,-1116,3280
1458,-1051,2427
1615,-839,2339
1539,-462,1752
1480,-197,551
1038,19,218
609,315,-42
154,517,372
-526,553,1627
-569,785,1616
-164,998,1349
-280,1060,1690
-472,1163,2088
-411,1185,2065
-441,1138,2158
-574,1088,2148
-504,1015,1946
-489,1013,1799
-428,1009,1676
-443,987,1603
-449,991,1640
-472,1008,1696
-532,1032,1689
-478,1027,1741
-537,1063,1761
-510,1037,1764
-542,1036,1799
-449,1039,1769
-464,1041,1793
-448,1052,1728
-415,1015,1754


















-,-,-
-266,-301,2120
-258,-271,2120
-230,-272,2125
-240,-273,2106
-258,-252,2125
-245,-295,2112
-259,-295,2112
-242,-282,2151
-235,-293,2093
-271,-289,2132
-255,-246,2117
-274,-269,2106
-262,-282,2140
-242,-246,2124
-196,-281,2120
-49,-377,2380
400,-416,2831
1551,-236,3252
2392,-239,3298
2335,-232,2475
2580,-274,2121
2209,-544,1884
1267,-1181,1625
-1510,-1558,1951
-2956,-1598,2117
-4667,-1311,1107
-3540,-719,346
-2403,-224,1734
-1991,-64,2475
-1236,6,2067
-764,-17,2082
-379,24,2006
-793,-28,2222
-2579,171,2320
-3078,596,3488
-4325,848,3544
-4758,617,2699
-2789,182,3184
-738,-512,2832
-52,-590,1788
45,-640,1491
159,-454,1171
1451,-475,828
2410,1,343
1785,-59,704
648,105,1732
637,444,1613
329,817,1021
-104,898,1678
-398,1214,1792
-401,1287,1525
-594,1347,1604
-447,1244,1750
-267,1302,1716
-401,1259,1885
-471,1228,1917
-316,1222,1685
-389,1173,1713
-454,1161,1673
-319,1177,1577
-337,1182,1593
-348,1232,1655
-362,1200,1699
-447,1224,1722
-271,1223,1579
-296,1196,1641
-313,1210,1697
-297,1212,1622
-315,1190,1704
-324,1210,1678
-355,1204,1710
-317,1205,1706
-247,1200,1605
-274,1179,1659
-380,1183,1712


















-,-,-
184,-97,2156
170,-91,2107
157,-79,2183
154,-10,2139
184,-96,2185
170,-90,2131
162,-90,2189
133,-68,2116
176,-75,2137
165,-111,2150
168,-93,2119
119,-114,2190
186,-113,2200
169,-99,2205
310,-169,2342
1257,-124,2615
2698,112,2961
3193,394,2650
3782,267,1894
3594,-528,1260
1427,-1176,1470
-1138,-1783,1504
-1911,-1855,1898
-4263,-1364,2039
-4095,-1042,1591
-2171,-382,1958
-2035,-271,2699
-1374,17,2343
-753,147,2121
-757,61,2288
-1769,125,2869
-2451,227,3782
-2713,437,3680
-3378,459,3550
-2597,255,3256
-1255,223,3019
-49,-524,2352
654,-809,1714
1875,-778,1174
3071,-299,198
2154,-135,197
338,-301,1599
205,21,1738
595,662,703
202,739,1404
-270,906,1866
-132,991,1597
-242,1015,1711
-348,1123,1757
-190,1162,1866
-138,1201,1904
-195,1193,1955
-255,1114,1884
-296,1100,1794
-286,1044,1793
-135,1115,1650
-182,1131,1696
-215,1095,1709
-238,1143,1792
-271,1118,1789
-204,1103,1830
-181,1158,1763
-164,1146,1709
-154,1105,-31041
-164,1102,1750
-145,1113,1734
-173,1138,1701
-215,1123,1708
-205,1091,1748
-197,1116,1783
-150,1140,1713
-244,1124,1817
-186,1170,1678
-212,1124,1723
-237,1138,1789


















-,-,-
-129,-116,2192
-104,-94,2131
-138,-106,2189
-110,-97,2121
-119,-94,2143
-144,-84,2203
-106,-99,2100
-154,-104,2184
-116,-100,2118
-158,-93,2081
-159,-110,2199
-163,-92,2175
-100,-100,2168
-89,-79,2132
124,-95,2144
287,-113,2428
1426,19,2961
2344,116,3103
3001,244,2583
3972,-151,1508
2880,-834,1162
557,-1497,1697
-1068,-1954,1977
-3617,-1852,2279
-4944,-1041,1821
-3353,-334,2197
-1935,21,2586
-1372,227,2264
-1149,23,2457
-1278,-51,2334
-1666,218,2287
-2032,225,2521
-2270,675,3264
-2681,561,3711
-3518,657,2550
-5443,-1,1869
-3112,-889,3033
777,-1649,2852
2789,-1256,969
3712,-243,356
2976,-288,834
850,-454,1644
-40,-147,1599
681,333,586
311,730,706
-398,733,1584
-302,916,1391
-386,1065,1524
-502,1133,1902
-397,1241,2040
-186,1226,1996
-375,1134,2140
-477,1050,2142
-422,1089,1820
-447,1028,1881
-387,977,1800
-262,1049,1589
-334,1020,1752
-418,1042,1701
-444,991,1747
-487,997,1833
-386,1054,1697
-409,1048,1752
-433,1065,1776
-420,1039,1782
-376,1062,1758
-379,1064,1747
-399,1036,1781
-390,1052,1709
-393,1038,1704
-384,1028,1727
-364,1059,1698
-401,1064,1712
-344,1545,1748
-386,1068,1779


















-,-,-
-551,-50,2105
-563,-41,2100
-499,-47,2037
-501,-24,2073
-555,18,2082
-528,-40,2080
-525,-19,2053
-540,-16,2077
-518,-42,2084
-533,-33,2037
-539,-31,2048
-509,7,2020
-528,-23,2040
-527,-44,2055
-522,-30,2051
-559,-45,2073
-512,-33,2067
-427,-11,2104
-419,-61,2091
-291,-51,2211
186,-96,2928
1973,412,3655
3874,29,4427
4325,-841,2283
2789,-1434,1292
-567,-1876,3045
-2417,-1561,2014
-4423,-1563,1406
-5341,-975,513
-3519,-722,545
-2434,-71,1917
-1233,135,2178
-1159,-2,2361
-1288,-32,1874
-2548,183,2059
-4746,375,2721
-6275,-9,2187
-5115,-131,2057
-3504,-166,2759
-1291,-992,3297
1708,-1750,3212
3377,-1653,1581
3475,-592,1243
2101,-580,971
730,-620,1301
-305,40,1250
141,433,548
-316,691,909
-661,830,1385
-600,987,1389
-700,1020,1709
-551,1084,1814
-200,1178,1864
-386,1144,1912
-636,1001,2032
-759,973,1916
-753,956,1832
-694,1057,1688
-504,1032,1678
-478,1054,1628
-582,1016,1588
-619,1021,1574
-637,1009,1626
-636,980,1654
-670,992,1641
-724,1029,1667
-637,1043,1596
-615,1060,1693
-647,1058,1670
-627,1063,1660
-590,1070,1694
-586,1082,1628
-647,1017,1727
-705,1039,1706
-712,1043,1641


















-,-,-
2222,130,-133
69,-127,2179
95,-121,2152
77,-162,2181
123,-146,2102
110,-139,2141
63,-152,2195
72,-135,2150
123,-148,2135
115,-124,2220
120,-121,2177
129,-152,2158
59,-148,2211
96,-165,2157
69,-141,2138
74,-143,2134
37,-133,2153
106,-116,2148
194,-132,2047
267,-169,2402
1345,-242,2953
3117,134,3532
3977,116,2400
4085,-329,1057
3648,-1037,649
318,-1559,1851
-1630,-1874,2276
-4572,-1755,1914
-5510,-1023,1607
-3426,-134,1960
-2115,276,2750
-725,137,2247
-296,60,2367
-444,150,2685
-1114,186,3154
-2396,383,3393
-3786,524,3803
-5201,327,3625
-3956,-198,3970
-15,-934,3283
1659,-934,1062
1165,-1005,784
963,-1005,1743
1014,-766,1939
1853,-451,1217
1910,15,382
1003,229,401
566,609,378
168,851,756
-241,964,1372
-409,1075,1719
-681,1148,2000
-625,1171,1846
-312,1287,1699
-365,1245,1854
-533,1155,2084
-590,1131,1860
-390,1130,1652
-442,1092,1732
-460,1078,1710
-415,1083,1586
-406,1102,1595
-435,1084,1677
-441,1148,1690
-544,1111,1695
-461,1102,1690
-527,1088,1807
-403,1104,1698
-356,1141,1659
-405,1099,1757
-422,1114,1641
-434,1097,1696
-436,1079,1762
-439,1093,1725
-404,1117,1722


















-,-,-
-173,-135,2138
-137,-130,2097
-134,-150,3174
-148,-150,2113
-176,-123,2164
-139,-134,2158
-150,-128,2178
-148,-119,2163
-119,-102,2192
-96,-118,2145
-27,-152,2106
-126,-158,2148
-237,-152,2192
-162,-157,2119
-179,-124,2161
84,-89,2430
753,-168,2850
1929,4,3161
2846,59,2869
3518,-14,1987
3183,-648,1750
1696,-1292,1991
-205,-1738,2095
-2392,-2101,1517
-5225,-1650,670
-4872,-1024,140
-3591,-360,1555
-2573,-94,2213
-1642,0,1905
-1174,-149,1669
-2062,84,1900
-3390,171,2480
-4167,405,2551
-3982,352,2323
-3680,302,2050
-1865,-556,2644
226,-784,2975
1576,-1034,1929
2341,-891,670
2663,-277,-158
2388,192,-208
1261,274,804
73,475,1896
-592,750,2428
-503,967,2075
-355,1173,1501
-430,997,1693
-614,1036,1882
-304,1046,1891
-428,1033,1716
-526,999,1805
-598,1006,1907
-544,958,1786
-386,997,1800
-413,1050,1787
-446,999,1761
-482,1007,1715
-483,976,1766
-29,988,1834
-452,1023,1703
-401,1016,1633
-546,990,1808
-536,997,1729
-494,1007,1805
-493,980,1714
-473,1017,1682
-537,1025,1735
-498,990,1814
-493,982,1794
-464,991,1768
-484,1000,1806
-540,1009,1851
-458,999,1806
-476,1016,1805
-486,971,1789


















-,-,-
128,-23,2138
171,-62,2157
128,-52,2119
125,-62,2165
169,-61,2156
126,-58,2136
136,-31,2178
187,-42,2107
104,-47,2104
118,-54,2159
173,-54,2144
133,-57,2183
112,-37,2170
91,-33,2210
135,-17,2190
322,-81,2399
1084,-148,2742
2563,140,2665
3952,97,2197
4145,-160,1436
3233,-815,999
1024,-1686,1568
-2146,-1555,2493
-3808,-1524,1925
-4929,-949,1478
-3310,-518,1650
-2204,184,2620
-1721,301,2149
-1003,-99,2091
-910,-85,1909
-1666,41,2309
-2399,133,2738
-2265,392,3231
-2966,88,2817
-4795,82,2571
-2910,-696,3248
825,-574,2582
1548,-675,1371
1355,-355,1221
1498,-326,1280
1951,96,758
1736,395,805
1314,459,1353
232,681,1965
-389,787,2018
-555,840,1820
-586,907,1664
-689,951,1734
-679,918,1778
-698,1020,1680
-747,977,1838
-812,960,1932
-719,886,1779
-608,911,1847
-512,936,1770
-506,928,1703
-754,891,1814
-703,848,1715
-624,851,1726
-669,914,1723
-688,915,1752
-698,916,1787
-679,886,1760
-611,875,1787
-565,911,1753
-629,900,1756
-687,874,1810
-636,960,1749
-618,929,1809
-644,918,1820
-630,908,1811
-626,908,1786
-587,894,1751
-626,919,1778
-653,886,1794


















-,-,-
-38,-42,2181
-34,-55,2128
-76,-73,2203
-42,-66,2109
-44,-34,2161
-60,-22,2182
4,-43,2098
-117,-58,2202
-13,-71,2111
-18,-40,3184
-79,-40,2200
-62,-16,2100
-56,-64,2157
-26,-52,2097
-12,-65,2201
-2,-13,2137
21,-48,2205
506,-72,2691
1676,42,3054
2844,327,2914
3459,321,1994
4048,-579,634
2122,-1313,1125
-259,-1552,2337
-2906,-1988,2158
-4926,-1629,1446
-4708,-841,1254
-2951,-272,1950
-1999,-27,2273
-1296,49,1941
-740,-280,1786
-1207,-186,2059
-2283,-88,2787
-3693,-23,2931
-4723,19,2903
-3807,-479,2930
-1888,-326,2769
-251,-737,3211
1371,-1208,1776
2595,-703,228
3107,-118,389
2384,161,589
1531,91,1058
398,376,1526
-427,566,2260
-830,744,2034
-578,894,1529
-569,913,1727
-648,918,2090
-459,973,1911
-486,901,1951
-597,879,1910
-629,859,1975
-504,833,1927
-365,850,1717
-415,849,1844
-457,876,1745
-521,841,1724
-645,827,1837
-537,865,1752
-469,907,1772
-549,888,1835
-609,879,1858
-484,841,1821
-490,894,1742
-563,862,1842
-527,879,1857
-468,897,1759
-527,901,1878
-500,885,1844
-514,862,1821
-547,836,1850
-495,894,1785
-519,920,1776
-532,897,1840


















-,-,-
-93,-174,2138
-69,-195,2127
-46,-161,2155
-49,-173,2145
-81,-177,2162
-63,-156,2155
-31,-162,2102
-120,-175,2196
-62,-146,2147
-73,-162,2111
-60,-165,2179
-46,-149,2170
-101,-163,2171
-66,-178,2192
-33,-165,2129
-48,-200,2145
90,-186,2289
843,-254,2952
2077,120,3193
3355,361,3013
4488,-207,1435
3544,-1038,286
767,-1911,1308
-1241,-2319,1768
-4168,-2417,1816
-5140,-1444,1418
-3933,-558,1610
-2658,-106,2322
-1195,-278,1918
-575,-169,1541
-774,-236,1898
-1402,-133,2014
-2631,-161,2361
-4255,-260,2718
-6400,-126,2536
-4391,-640,2779
-1804,-742,3090
876,-1197,2776
2228,-1161,1775
2229,-747,1331
2242,-313,453
1840,16,-41
1270,167,855
714,461,1317
-140,708,1836
-395,899,2060
-134,1083,1679
-709,997,2007
-907,1039,2168
-468,1054,1674
-600,997,1890
-569,960,1845
-480,946,1766
-532,882,1915
-363,915,1777
-335,950,1713
-504,932,1766
-616,909,1788
-509,973,1699
-593,972,1819
-504,966,1753
-490,939,1817
-576,956,1815
-539,949,1742
-516,956,1749
-544,904,1817
-510,904,1774
-579,959,1777
-507,938,1789
-486,951,1826
-494,963,1788
-530,958,1777
-488,942,1856
-440,953,1845
-532,954,1902


















-,-,-
27,-70,2145
-10,-63,2178
80,-70,2108
4,-59,2138
29,-69,2167
-10,-81,2137
39,-72,2128
37,-70,2159
43,-102,2182
19,-90,2112
5,-86,2150
-19,-82,2210
27,-83,2136
-4,-71,2206
-14,-82,2212
9,-33,2145
15,-60,2206
69,-64,2181
191,-99,2266
788,-189,2771
2671,216,2964
4568,208,2290
4945,-483,1736
2307,-1411,1048
-219,-1731,1587
-3170,-1642,1590
-4744,-1441,1227
-4701,-696,1189
-3291,-364,1841
-2184,-98,2147
-641,-211,1847
-99,-120,1947
-173,-110,2199
-932,-79,2289
-2501,221,2967
-3708,224,3238
-5882,364,2810
-5072,-146,3140
-1648,-710,2788
813,-1180,2125
2463,-1263,895
2142,-709,1179
1807,-331,1538
2134,-170,976
1383,226,995
634,559,1131
-28,799,1622
-430,934,1515
-324,1091,1315
-636,1075,1772
-891,1105,2104
-500,1081,1788
-342,1134,1735
-445,1096,1797
-433,1037,1850
-407,1053,1801
-308,1071,1777
-330,1061,1761
-482,1056,1782
-584,1019,1831
-437,1038,1701
-390,1071,1701
-386,1055,1714
-494,1044,1751
-531,1068,1752
-451,1048,1705
-491,1030,1722
-417,1026,1692
-412,1026,1729
-390,1018,1702
-382,1066,1757
-445,1067,1787
-417,1082,1707
-438,1069,1763
-417,1033,1744


















-,-,-
85,-120,2128
83,-125,2182
102,-113,2163
69,-115,2178
81,-138,2131
101,-135,2156
77,-93,2178
58,-118,2175
76,-128,2120
47,-122,2158
49,-104,2161
83,-121,2144
32,-118,2190
125,-114,2150
52,-120,2181
73,-120,2152
61,-125,2159
30,-153,2175
69,-117,2191
119,-121,2133
187,-159,2321
558,-197,2405
1557,-40,2695
2472,54,2702
3005,6,1972
2990,-159,1495
2469,-735,1340
1056,-1549,1652
-1621,-2054,2549
-3514,-1299,2560
-4310,-665,2018
-3013,-169,2342
-1539,121,2409
-1184,119,2183
-118,-112,1786
-17,-113,2080
-664,42,2621
-2681,175,3525
-3761,-64,3786
-4935,99,3707
-3888,-317,3294
-1345,-782,3286
1167,-1399,2727
3050,-1550,1001
3961,-752,335
2796,-97,89
1726,14,599
732,346,1240
-17,631,1490
-520,830,1889
-659,1012,1756
-661,1001,2022
-526,1124,2083
-194,1158,1780
-265,1128,1843
-317,1075,1778
-376,1024,1916
-266,1023,1874
-208,972,1855
-324,963,1817
-377,985,1670
-355,986,1630
-322,990,1608
-472,1008,1733
-421,1012,1743
-376,1021,1710
-460,1012,1845
-382,1044,1792
-386,1018,1750
-369,1026,1750
-440,1050,1833
-397,1033,1754
-386,1011,1773
-397,1021,1792
-370,1018,1757


















-,-,-
137,-105,2151
82,-106,2122
65,-98,2186
153,-115,2118
89,-113,2186
86,-114,2132
96,-99,2108
133,-110,2128
58,-117,2171
62,-101,2158
94,-100,2149
81,-117,2201
86,-102,2181
173,-76,2219
401,-119,2387
834,-221,2713
2057,18,2696
3188,41,2622
3526,60,1688
3535,-653,1015
1616,-1263,778
-1082,-1674,1658
-3291,-1239,3012
-4588,-894,1341
-3479,-638,1892
-1941,-137,2374
-1510,-31,2387
-1180,-27,1961
-622,-273,2021
-962,-124,2137
-1363,68,2272
-2562,207,3283
-3974,563,3592
-4498,277,3574
-2607,-57,3301
-764,-434,3089
977,-906,1979
1983,-911,863
1788,-442,683
1511,-99,825
1274,-57,940
963,112,1119
443,485,1351
338,657,1395
-271,877,1632
-553,998,1689
-554,1095,1732
-683,1201,1888
-515,1188,1921
-443,1192,1911
-562,1067,2032
-418,1087,1894
-279,1067,1776
-286,1002,1742
-321,976,1751
-428,1018,1676
-479,1032,1710
-487,1007,1673
-438,994,1697
-465,1065,1733
-517,1063,1745
-512,1068,1802
-435,1075,1702
-457,1045,1746
-419,1039,1753
-416,1009,1717
-494,1047,1784
-531,1085,1790
-483,1088,1718
-420,1063,1715
-419,1086,1712
-455,1075,1750
-437,1088,1720
-470,1030,1747
-436,1039,1739


















-,-,-
-68,-103,2170
-76,-71,2145
-80,-92,2175
-74,-73,2154
-91,-98,2157
-64,-96,2115
-60,-74,2126
-74,-107,2154
-92,-108,2135
-99,-94,2189
-57,-81,2130
-117,-79,2149
-115,-77,2227
-42,-85,2111
-108,-55,2210
17,-89,2185
341,-105,2310
1014,-80,2772
1968,367,3683
3125,277,2736
3648,-177,1706
2677,-559,1551
1186,-1142,1693
-819,-1584,1563
-3082,-1513,2327
-4608,-1071,1577
-3646,-768,1153
-2886,-287,1901
-1837,-152,2071
-1473,-87,1851
-925,-170,1903
-1297,-194,2005
-3446,102,2633
-4031,16,2884
-4126,98,2515
-4744,-142,2747
-2781,-740,3161
937,-1260,2786
2218,-1117,1431
2641,-483,953
2435,-172,1062
1694,-104,1104
887,113,991
183,398,1210
-340,546,1616
-648,769,1695
-516,1023,1482
-711,1058,1691
-799,1088,1866
-549,1200,1586
-498,1110,1808
-671,977,2002
-661,961,1907
-519,964,1797
-419,996,1666
-458,994,1668
-545,963,1715
-543,984,1645
-661,983,1661
-607,1000,1754
-647,996,1740
-580,1044,1688
-608,963,1741
-646,1006,1773
-627,991,1727
-593,1008,1716
-616,1032,1784
-583,1009,1735
-597,1014,1754
-643,988,1757
-614,992,1716
-570,977,1770
-545,964,1726
-572,956,1717
-526,963,1687


















-,-,-
120,2108,-162
-158,-97,2155
-199,-114,2151
-225,-130,2151
-193,-127,2150
-177,-129,2133
-187,-133,2132
-215,-141,2164
-198,-134,2134
-187,-134,2148
-248,-117,2164
-214,-122,2126
-173,-143,2135
-185,-132,2132
-35,-159,2298
572,-86,2550
1135,-3,2765
1931,12,2913
2748,35,2336
2772,-241,1761
2277,-702,1960
1493,-1351,1748
-611,-1960,1618
-3091,-1587,2026
-4651,-1330,1981
-4021,-850,1572
-2928,-617,1416
-2026,-190,1846
-1465,-337,1723
-1392,-496,1917
-3021,-402,2414
-4938,-181,3003
-4416,-872,2320
-4105,-718,2256
-1673,-1037,4294
951,-1186,3377
2375,-957,2122
2163,-661,1338
1408,-32,707
1209,152,647
592,294,651
359,357,741
101,575,1286
-444,843,1594
-389,934,1420
-557,943,1671
-1067,1031,2022
-1007,994,1906
-688,1102,1601
-779,1002,1757
-786,945,1772
-814,948,1743
-791,933,1630
-772,928,1685
-819,918,1741
-814,882,1598
-871,873,1656
-857,920,1731
-849,942,1676
-802,916,1607
-860,901,1710
-836,908,1642
-789,906,1651
-775,939,1731
-753,931,1591
-902,903,1672
-829,904,1643
-860,924,1614
-872,883,1688
-793,911,1693
-832,952,1705
-822,932,1693
-772,900,1703
-837,907,1716
-836,910,1655


















-,-,-
-8,84,2109
-64,57,2197
-38,51,2146
-64,54,2138
-73,71,2178
-42,83,2159
-50,52,2191
-57,63,2151
-38,63,2098
-103,68,2186
-42,49,2133
-49,50,2128
-74,54,2187
-7,74,2119
68,32,2187
201,32,2302
738,131,2601
1615,322,2926
2386,311,2585
2710,12,1773
2550,-250,1450
2272,-654,1246
1074,-1216,1452
-1412,-1141,2311
-3907,-1142,2847
-4830,-457,2228
-3131,-248,1893
-1659,-23,2099
-1018,-48,2164
-431,-31,1844
-747,151,2542
-2114,443,3568
-4177,709,3828
-4682,632,4079
-3731,-64,4067
-615,-654,2713
1458,-1172,2023
1848,-1086,1138
1822,-574,616
1636,-65,518
1439,199,686
1177,288,798
689,545,1182
268,789,1413
-124,877,1338
-447,1049,1408
-682,1107,1635
-686,1163,1821
-482,1269,1762
-473,1249,1804
-572,1192,1847
-574,1131,1753
-537,1105,1762
-381,1103,1694
-330,1145,1673
-337,1103,1651
-468,1060,1740
-523,1060,1700
-460,1096,1725
-470,1102,1694
-451,1137,1709
-494,1124,1719
-479,1130,1637
-531,1122,1739
-547,1110,1784
-455,1099,1644
-477,1091,1644
-495,1110,1672
-471,1104,1708
-523,1112,1737
-482,1061,1723
-472,1075,1666
-513,1089,1701
-489,1075,1719
-478,1090,1713


















-,-,-
411,89,2071
330,131,2179
356,141,2122
387,98,2101
365,155,2142
353,137,2114
361,130,2147
347,158,2151
337,133,2134
368,110,2152
384,170,2113
354,149,2146
346,119,2106
320,137,2108
342,122,2072
321,133,2127
415,140,2189
704,210,2230
1419,283,2415
2556,555,2350
3337,638,1931
2994,356,1722
2858,-155,1341
1971,-769,785
788,-1390,1588
-1810,-1410,2696
-4040,-1539,2727
-4327,-692,2368
-2282,-329,2236
-1257,-84,2375
-708,-23,1903
-439,-109,1858
-1507,8,2414
-2208,-23,2807
-2961,120,3355
-4750,179,4043
-4608,-554,3667
-1273,-831,4244
2076,-1264,2517
3760,-943,430
3489,-293,-21
2309,-31,-20
1313,95,132
967,304,523
507,589,845
193,727,1614
-361,1009,1972
-329,1054,1835
-205,1095,2055
-118,1175,2158
-76,1209,1988
-85,1098,1933
-93,1022,1944
112,1001,1837
108,1002,1810
172,978,1855
37,967,1868
-135,963,1930
-8,966,1770
-21,1000,1865
-80,966,1922
69,1001,1786
-44,967,1862
-63,971,1946
-97,993,1939
-30,998,1790
-53,1008,1830
-42,1006,1862
-96,978,1925
-75,977,1928
33,976,1807
-30,990,1912
-42,983,2025
-39,985,1848


















-,-,-
50,-27,2149
33,-38,2162
77,-20,2156
74,-51,2133
-11,-41,2175
-5,-54,2189
33,-37,2138
2,-54,2162
45,-49,2147
61,-47,2146
104,-37,2120
137,-58,2202
374,-57,2349
1061,-58,2522
2133,343,2957
3323,456,2813
3471,-5,2106
2682,-598,1513
1022,-1360,948
-1410,-1832,1321
-4007,-1546,2196
-3642,-1071,1677
-2634,-646,2218
-1570,-326,2515
-1474,-307,2407
-1013,-296,2027
-813,-289,1524
-1295,-280,2195
-2204,-227,2551
-3150,-114,2989
-3747,-179,3178
-3784,-374,2867
-2909,-527,2792
-1123,-941,3201
456,-1035,2917
1855,-800,1773
2288,-547,1500
2097,-176,780
1826,-37,328
1114,-4,855
703,240,888
531,430,1214
-14,674,1688
-194,836,1753
-421,879,2045
-720,911,2452
-479,980,2142
-372,955,1997
-438,874,2067
-312,807,1933
-261,767,1917
-173,794,1921
-213,837,1959
-191,833,1865
-235,828,1890
-262,831,1923
-345,828,1911
-323,830,1955
-312,878,1920
-272,870,1941
-308,848,1907
-366,872,1975
-317,891,1884
-258,856,1861
-293,805,1877
-273,783,1800
-188,729,1606
-184,565,1475
-160,375,1158
-67,194,690
-42,26,344
37,-78,-70
67,46,414
183,-341,1519
-534,-248,2811


















-,-,-
96,-110,2095
44,-126,2140
38,-146,2161
12,-132,2154
11,-134,2140
1,-146,2122
19,-137,2143
40,-117,2103
43,-114,2160
47,-127,2143
8,-131,2161
49,-106,2159
-1,-121,2176
17,-128,2189
118,-130,2163
276,-175,2300
695,-153,2476
1740,59,2553
2366,153,2731
2805,50,2354
3002,-506,1178
1649,-1026,1023
-116,-1539,1470
-1841,-1474,1929
-3640,-1135,2117
-3543,-1118,1696
-2504,-479,2091
-1675,-55,2361
-1344,-295,2328
-1171,-186,2012
-681,-222,2007
-964,-103,2311
-1991,-129,2522
-2862,7,3160
-3214,112,3566
-3340,-175,3266
-3262,-607,2770
-471,-904,3011
1730,-812,1507
2488,-597,649
2203,-109,898
2046,75,497
1567,193,413
1141,305,812
501,405,1161
119,533,1475
-195,665,1878
-213,847,1816
-173,924,1942
-138,945,2188
-138,914,2124
-97,890,2003
-24,885,1994
83,903,1958
188,907,1897
62,843,1969
-24,833,1925
-98,824,1930
-129,852,1944
-48,886,1862
-90,918,1939
-98,877,1902
-98,889,1952
-120,872,1994
-59,875,1905
-46,876,1889
-102,909,1871
-153,872,1982
-101,883,1875
-88,866,1879
-19,904,1830
-92,904,1892
-103,905,1900
-21,893,1942
-89,897,1967


















-,-,-
-64,-138,2133
-84,-110,2168
-73,-113,2190
-52,-113,2075
-23,-117,2162
-66,-113,2183
-38,-110,2135
-73,-120,2183
-99,-104,2151
-50,-125,2158
-73,-107,2178
-90,-127,2174
-43,-131,2136
-96,-131,2160
-74,-127,2145
-52,-128,2116
-105,-131,2161
-47,-120,2136
-45,-111,2111
-102,-115,2186
-100,-107,2167
-77,-132,2132
-50,-128,2172
-91,-106,3226
-38,-113,2136
-39,-114,2169
103,-119,2246
409,-121,2317
945,-118,2543
2064,96,2789
2632,148,-30449
2569,19,2407
2373,-341,1891
1277,-898,1346
-56,-1361,1244
-1908,-1729,1361
-4277,-1176,2117
-3283,-1038,1749
-1918,-533,1748
-1667,-346,2336
-1418,-404,2296
-775,-320,1829
-505,-322,1752
-825,-223,2017
-1770,-209,2566
-2307,-100,3227
-3281,-29,3620
-4078,-245,3701
-3089,-609,3101
-1187,-695,2924
1098,-871,2431
2049,-723,881
1942,-479,90
1725,-270,117
1496,-280,613
995,-205,939
749,118,1087
749,378,1379
447,510,1993
109,660,2060
16,665,2010
-190,659,2084
-164,639,2121
-162,619,2137
-205,594,2153
-137,639,2013
-2,621,2015
-58,605,2034
-138,651,2043
-41,632,2038
-50,632,1999
-160,673,2052
-85,656,2111
-91,679,2052
-152,657,2124


















-,-,-
155,-138,2164
154,-142,2145
179,-138,2141
138,-138,2175
179,-157,2144
167,-160,2140
174,-120,2146
146,-128,2153
94,-156,2185
147,-175,2149
163,-160,2153
129,-136,2147
117,-127,2172
136,-158,2162
179,-153,2140
154,-131,2150
230,-148,2182
400,-174,2240
729,-179,2316
1521,-125,2626
2254,27,2683
2937,-68,1985
2552,-329,1537
1965,-648,1184
714,-1121,973
-726,-1381,1967
-3188,-1128,2626
-4143,-804,2466
-2760,-381,2108
-1510,-189,2665
-471,-186,2344
50,-206,2064
245,-279,1992
268,-187,2052
-260,-145,2367
-167,-88,2387
-615,40,3310
-1353,176,3715
-4005,182,4305
-4821,-570,3968
-2172,-926,4103
1012,-1278,2382
2696,-1325,75
3124,-725,-244
2300,-322,-77
1610,-283,616
1261,-42,1099
888,259,1271
236,301,1736
-393,318,2112
-331,397,1847
-226,548,1874
-314,514,2293
-267,521,2277
-94,583,2106
-207,582,2236
-162,559,2101
-95,490,2132
-64,520,1963
-98,493,2013
-151,502,2078
-183,546,1978
-191,551,1952
-190,534,2060
-200,599,2033
-200,614,2043
-319,559,2022
-238,533,2106
-100,579,1944
-145,555,2033
-211,573,2035
-269,517,2168
-209,572,2064
-179,573,1986
-188,607,2062


















-,-,-
-79,-226,2164
-62,-233,2133
-67,-212,2131
-31,-208,2169
-42,-221,2149
-104,-209,2168
-65,-208,2174
-56,-243,2118
-2,-227,2100
-69,-221,2162
-54,-216,2151
-60,-234,2139
-77,-213,2112
-44,-227,2129
-120,-232,2188
-23,-210,2186
111,-201,2197
338,-186,2469
761,-197,2634
1591,-3,2559
2174,108,2535
2698,179,2452
2637,-270,1705
1985,-876,1478
-104,-1546,1262
-2698,-1909,2269
-3559,-995,2019
-3152,-829,2635
-1567,-516,2344
-1207,-284,2333
-332,-285,1806
-57,-235,2050
-167,-187,1887
-516,-185,2378
-1477,-111,2969
-2249,-120,4203
-3786,-256,4018
-4282,-915,3850
-3747,-1154,4126
-16,-2135,3658
2568,-1918,1111
3856,-1371,-636
3465,-195,-1822
1989,-211,-915
451,-128,665
-46,114,1407
-12,231,1584
24,433,1705
41,733,1645
-198,678,2099
-72,709,2282
79,798,2091
-1,796,2114
-132,765,2057
-89,682,2177
-48,636,2087
-134,651,2134
-154,676,2071
-19,709,1860
-106,711,1926
-112,699,1925
-194,655,2005
-138,672,2117
-108,971,2023
-111,711,2019
-50,679,1908
-41,688,1954
-128,648,2063
-46,689,1966
-112,694,2063
-111,706,2052
-61,684,1996
-63,674,2057
-15,684,2012
-27,671,2040


















-,-,-
-89,-312,2100
-112,-301,2152
-87,-306,2122
-127,-299,2132
-109,-317,2137
-109,-320,2160
-115,-288,2134
-99,-319,2143
-103,-299,2103
-89,-290,2125
-103,-294,2147
-100,-290,2106
-91,-299,2093
-127,-302,2182
-109,-306,2127
-85,-308,2188
57,-297,2236
442,-257,2613
1196,-284,3045
2026,-146,2769
2427,-272,2504
2695,-263,1776
2596,-843,1009
811,-1511,380
-2145,-1910,1319
-4101,-851,2643
-3632,-1157,2069
-2231,-368,2353
-1297,-382,2899
-677,-312,2349
-430,-399,1890
-305,-527,1709
-643,-308,2011
-958,-280,2397
-1755,-80,3128
-3167,-50,4053
-4792,-488,3227
-5585,-922,2976
-2756,-1555,4314
1048,-1957,2648
3293,-1574,648
3184,-605,292
2227,-304,209
1567,-266,465
741,-13,779
-67,214,1140
-328,312,1449
-593,552,1696
-712,695,1914
-801,728,1972
-123,739,2111
-573,713,2143
-385,716,1961
-397,719,1965
-468,681,1918
-475,632,2024
-517,669,2017
-486,657,1905
-532,676,1866
-550,676,1838
-581,661,1868
-561,658,1929
-665,693,1958
-630,679,1977
-565,689,1897
-633,670,1914
-513,650,1927
-473,686,1805
-565,672,1916
-530,684,1847
-530,709,1906
-583,645,1911
-584,686,1881
-586,676,1918
-512,652,1887
