-,-,-
-213,-462,2098
216,-411,2108
-2,-287,2144
64,-304,2196
23,-294,2128
-24,-298,2151
-33,-311,2194
41,-304,2185
-16,-287,2141
-24,-280,2140
48,-263,2109
-40,-274,2137
-46,-243,2047
194,-204,1940
892,-254,1998
1737,-340,2091
1237,-410,2204
708,-462,2061
-2,-531,2140
-119,-625,2275
2,-620,2085
220,-622,1927
-294,-667,1958
-993,-677,1916
-1287,-746,2111
-1316,-681,2184
-921,-501,2174
-618,-455,2367
-454,-493,2649
-529,-416,2631
-824,-307,2805
-1205,-266,2926
-1388,-274,3133
-1363,-405,3131
-950,-599,3061
-502,-730,2595
-174,-851,2260
46,-841,1776
478,-612,1389
905,-325,1008
1003,-156,923
1019,-27,1004
933,98,1148
621,106,1335
353,60,1751
285,189,2078
281,297,2071
205,189,2195
148,163,2313
-87,132,2191
85,149,2208
95,124,2196
46,118,2188
-34,258,2061
33,223,2085
74,284,2093
19,271,2057
27,230,2166
58,247,2065
-151,221,2191
-6,203,2134
52,112,2180
83,162,2144
-17,152,2138
80,151,2194
50,176,2137
37,168,2197
94,139,2200
112,148,2183
29,177,2115
94,182,2152
71,206,2150
43,185,2121
19,178,2121
51,158,2142


















-,-,-
-4,-342,2144
63,-450,2134
-5,-330,2154
-87,-321,2145
157,-297,2077
342,-312,2012
248,-336,2106
811,-261,2282
1898,-28,2057
2882,-56,1923
1859,-497,1611
-1509,-1143,1742
-2940,-1623,2986
-2220,-1200,2493
-1062,-510,1981
-301,-135,1810
-271,-153,1826
-448,-311,2007
-567,-440,2175
-409,-417,2251
-255,-315,2234
-185,-273,2299
-309,-264,2394
-789,-241,2671
-1143,-390,3306
-1581,-440,3687
-1994,-283,3788
-2211,-391,3741
-1011,-693,3295
-112,-682,1893
870,-385,859
888,-200,273
1007,-273,374
728,-152,920
663,176,1199
599,270,1452
409,293,1813
271,347,1926
190,357,1967
88,281,2140
55,304,2164
-80,419,2003
-23,393,2158
-62,423,2026
-163,395,2109
-30,370,2058
-116,440,1977
-28,482,1909
-31,436,2017
35,371,2092
43,388,2025
-6,343,2058
-32,349,2085
-83,325,2011
-109,317,1997
-22,332,2128
-24,334,2205
23,297,2317
-45,290,2281
-73,274,2243
-87,280,2239
-107,270,2158
-96,271,2138
-60,270,2143
-62,267,2117
-107,269,2060
-9,265,2083
-29,304,2088
-38,303,2097
-8,295,2125
-16,234,2146
-56,220,2145
-97,229,2086
5,198,2057


















-,-,-
-132,-270,2137
-116,-285,2184
-151,-281,2159
-135,-288,2152
-69,-287,2164
-64,-270,2098
-152,-266,2127
-132,-286,2154
-60,-326,2073
422,-312,2080
2114,-289,2297
2929,-369,2347
2414,-589,1796
243,-981,1568
-1854,-1256,2077
-2508,-1236,1973
-2241,-816,1997
-2045,-452,2000
-1351,-243,1956
-742,-211,2044
-484,-298,2351
-371,-381,2374
-347,-417,2376
-383,-378,2301
-495,-293,2367
-678,-236,2329
-1042,-66,2457
-1616,85,2986
-1763,-142,3747
-1528,-354,3907
-1082,-514,3414
-53,-390,1911
1095,-915,1664
994,-863,1214
824,-288,581
590,139,518
421,300,1079
139,347,1493
-198,240,1975
-34,174,2015
-24,342,1780
15,405,1880
-144,350,2015
-362,368,1996
-253,363,2006
-63,426,2016
-44,467,2028
-137,423,2058
-192,375,2142
-162,313,2137
-203,360,2088
-107,361,2098
10,397,2213
-55,390,2118
-123,379,2154
-234,323,2151
-194,333,2101
-145,318,2111
-86,302,2104
-98,328,2101
-75,347,2102
-147,348,2066
-57,369,2043
28,363,2051
38,347,2121
-99,285,2185
-148,249,2194
-121,271,2171
-127,330,2139
-121,322,2157
-74,299,2233
-49,328,2171
-167,357,2080
-84,329,2055
-84,352,2040


















-,-,-
-212,-311,2113
-204,-339,2137
-236,-350,2101
-241,-321,2124
-173,-327,2153
-204,-319,2107
-155,-331,2113
-100,-382,2118
-228,-334,2077
-298,-323,2108
-189,-365,2088
-57,-445,2154
139,-474,2216
457,-572,2448
1873,-532,2562
4129,-379,2425
3594,-268,1078
290,-1012,501
-4737,-2194,2232
-4762,-1881,2586
-1523,-622,1980
-617,197,1739
-697,117,1832
-952,-315,2200
-954,-609,2492
-922,-460,2457
-1099,-200,2529
-1277,-156,3002
-1628,-342,3637
-2038,-824,4139
-2046,-1095,3687
-1172,-992,2810
225,-695,1823
753,-671,1728
1021,-270,828
1708,179,-78
1600,409,-155
934,22,808
275,28,1298
34,227,1489
-137,255,1875
27,269,2345
-111,368,2251
-248,433,2273
-72,398,2291
-171,470,2205
-161,424,2104
-137,391,2218
11,384,2206
7,357,2140
-131,388,2011
-98,381,1927
-88,375,2081
-116,384,2074
-81,363,2006
-127,357,2031
-126,368,2102
-62,336,2150
-88,345,2117
-76,293,2105
-168,321,2075
-151,266,2066
-35,277,2076
54,322,2151
-18,307,2249
-72,290,2192
-130,220,2232
-115,225,2188
-175,250,2125
-138,275,2141
-92,322,2100
-118,295,2145
-106,300,2123
-101,293,2111
-72,306,2133


















-,-,-
22,-89,2122
40,-107,2192
-17,-89,2149
-22,-84,2162
18,-78,2194
48,-124,2193
-42,-108,2158
-64,-101,2088
15,-108,2163
37,-118,2133
-57,-86,2106
-13,-106,2145
132,-123,2138
638,-126,2193
1370,-206,2213
2136,-410,2198
2701,-649,2205
2790,-844,1895
593,-973,1044
-3617,-887,1209
-4293,-1223,2674
-2661,-883,2886
-1345,-180,2442
-653,147,2079
-287,32,2004
-370,-158,2131
-532,-295,2195
-678,-305,2202
-810,-148,2396
-1066,42,2765
-1247,148,3411
-1197,37,3992
-1337,-194,4037
-1016,-744,3238
-477,-903,1925
173,-769,1041
688,-488,210
1181,-145,349
1462,12,1009
920,260,1342
493,306,1461
304,270,1751
189,273,1848
289,371,2035
261,358,2215
-52,404,2053
-168,555,1837
62,502,2244
2,433,2242
-149,472,2110
-40,385,2216
-58,488,2140
-77,514,2016
76,529,2011
-13,551,1948
141,448,2028
113,438,2184
79,368,2174
27,370,2124
108,369,2175
111,389,2050
40,431,1962
69,449,1982
64,426,2053
-15,394,2090
-26,368,2171
58,342,2208
67,353,2178
80,406,2111
22,393,2066
45,389,2101
80,389,2116
122,335,2159
-41,367,2135


















-,-,-
-35,-248,2184
-123,-235,2091
-134,-221,2108
-88,-229,2152
-82,-223,2141
-109,-207,2124
-78,-225,2165
-62,-232,2214
-24,-209,2162
-65,-210,2141
-100,-211,2165
-138,-209,2126
-112,-254,2120
-66,-218,2077
76,-121,2010
500,-127,2195
1448,-305,2252
2815,-615,2380
3622,-1107,2117
1441,-1116,1301
-1623,-1135,969
-3928,-996,2073
-2692,-777,2117
-1952,-389,2103
-1353,-98,2233
-617,-85,2224
-501,-82,2270
-639,-180,2354
-952,-201,2534
-1285,-15,2979
-1707,329,3370
-1800,-300,4244
-1733,-707,4043
-1221,-859,3143
-298,-803,1924
642,-912,940
735,-735,661
762,-294,421
850,-19,642
770,183,1034
544,221,1595
353,207,1854
61,318,1799
16,396,1864
3,420,2172
34,392,2204
-94,382,2124
-215,425,2162
-162,384,2243
-101,405,2151
-354,414,2075
-232,357,2034
279,341,2138
262,474,1959
197,467,1939
72,361,2039
-36,338,2014
114,349,2113
-84,389,2125
69,306,2201
91,308,2237
4,312,2178
-31,317,2139
27,311,2191
-40,313,2133
-16,318,2148
45,312,2138
-85,343,2056
-36,326,2152
14,316,2151
-60,326,2123
55,320,2106
70,320,2145
84,330,2149
46,308,2103


















-,-,-
-33,-243,2178
-3,-243,2203
8,-244,2151
4,-239,2089
-38,-250,2143
10,-270,2202
-24,-210,2058
-54,-179,2115
-28,-216,2139
35,-195,2144
-85,-215,2131
-113,-248,2137
-46,-270,2183
-46,-271,2164
-164,-221,2284
1233,-438,2480
3402,-731,2932
3218,-601,2041
2221,-491,1402
382,-584,804
-2214,-718,1133
-2847,-1085,1988
-2415,-970,2427
-1921,-489,2218
-1521,-293,2063
-1119,-274,2181
-915,-309,2243
-830,-333,2278
-728,-302,2317
-1011,-163,2366
-1237,182,3017
-1413,424,4018
-2182,-532,4871
-2287,-1212,3899
-694,-1297,2326
364,-430,154
407,-78,-468
1062,-272,1084
1011,-231,1352
566,53,1205
624,173,1512
493,327,1543
296,420,1559
307,371,1802
98,358,2002
-80,374,2041
-201,443,2081
-88,444,2217
-99,472,2166
-195,498,2199
-151,468,2263
-154,508,2195
-125,479,2174
-103,436,2213
-153,406,2123
-95,461,2014
30,448,2013
19,427,2016
-31,443,1934
12,419,1996
-23,434,2016
-29,372,2060
-95,414,2066
-34,394,2204
-32,422,2117
-142,424,2123
-49,371,2211
-96,380,2129
-108,378,2074
-32,386,2095
-35,409,2107
-63,419,2085
-69,399,2059
-114,403,2113
-87,384,2121


















-,-,-
-66,-242,2122
-83,-252,2175
-103,-271,2158
-70,-274,2139
-120,-263,2149
-126,-277,2120
-105,-260,2106
-88,-292,2169
-74,-274,2154
-102,-247,2098
-69,-287,2143
-72,-286,2130
-91,-285,2176
74,-358,2249
1057,-596,2628
3022,-894,3166
3942,-741,2452
2871,-635,937
-850,-930,-20
-4730,-1263,1170
-4167,-1053,2059
-1941,-357,2036
-1038,9,2006
-899,-161,2112
-860,-326,2283
-751,-390,2382
-753,-339,2327
-931,-235,2338
-1208,-334,2751
-1492,-319,3483
-1876,-19,3011
-2150,-51,2992
-1571,-627,3177
-447,-926,2801
532,-737,1727
1116,-231,417
1389,-65,907
1085,168,692
647,203,1188
249,97,1834
98,115,2028
-88,289,1763
-30,355,1795
10,340,2020
-157,399,2054
-214,425,2066
-266,334,2201
-290,429,2201
-227,457,2087
-194,426,2117
-146,375,2147
-235,409,2055
-196,398,2116
-132,360,2085
-253,416,1997
-162,391,2046
-143,384,2112
-217,381,2070
-146,329,2074
-195,355,2090
-195,356,2050
-154,346,2150
-139,349,2133
-135,350,2120
-172,340,2142
-173,309,2181
-157,309,2145
-130,323,2089
-105,337,2109
-193,295,2109
-164,321,2067
-141,357,2056
-124,346,2083
-205,357,2121
-209,320,2176


















-,-,-
-41,-120,2070
6,-152,2152
-54,-129,2131
-80,-131,2154
-99,-146,2122
-67,-155,2176
-101,-145,2177
-46,-129,2131
-73,-152,2102
-28,-155,2165
-39,-159,2168
-27,-163,2135
-79,-159,2118
-46,-180,2145
-62,-146,2108
-73,-130,2141
-102,-143,2183
-90,-155,2193
-167,-175,2167
-290,-176,2099
-277,-160,2125
-18,-185,2141
650,-256,2348
2209,-411,2806
4224,-413,2800
3619,-399,1653
869,-743,501
-3049,-987,494
-3617,-1156,1902
-2030,-897,2061
-1536,-379,1938
-1237,-302,2309
-1320,-368,2211
-1252,-392,2358
-1148,-377,2427
-988,-287,2318
-923,-253,2184
-1052,-243,2414
-1370,-122,2630
-1803,119,2979
-2227,-72,4079
-1033,-842,4483
-643,-1082,3717
389,-1189,2551
859,-486,449
1537,-201,-433
1007,-58,157
799,108,502
789,240,972
691,263,1793
137,329,2089
55,398,1953
279,437,2124
145,545,2019
57,542,2050
9,475,2161
-22,490,2086
-82,516,2128
-28,510,2188
81,538,2129
112,603,1992
86,590,1920
51,558,1983
-23,507,2009
139,467,2090
100,495,2076
65,483,2090
46,466,2140
133,478,2127
102,476,2085
108,509,2064
91,464,2018
97,411,1931
59,416,1873
132,412,1827


















-,-,-
-34,-219,2145
19,-207,2149
26,-226,2121
-15,-214,2157
-24,-221,2145
-14,-215,2158
-25,-218,2157
-67,-228,2146
-45,-207,2127
-27,-229,2110
-12,-220,2170
-40,-201,2152
-24,-238,2159
-36,-246,2185
-12,-232,2199
-66,-200,2151
-105,-231,2135
-144,-260,2127
-134,-274,2114
-45,-302,2083
320,-396,2413
1861,-553,2801
3422,-610,2962
3080,-319,1586
1651,-322,48
-1004,-797,514
-2753,-1481,2154
-3439,-1269,2296
-2268,-790,2389
-1114,-340,1975
-898,-200,1941
-932,-319,2280
-989,-424,2294
-726,-386,2390
-563,-299,2450
-746,-212,2357
-1251,-221,2759
-2002,-223,3484
-2738,-453,4050
-2177,-968,4135
-678,-942,3130
809,-447,1492
1356,-137,1213
1061,-144,536
895,-50,765
507,164,806
578,396,838
336,372,1338
255,436,1618
157,416,1769
40,444,1948
-106,503,1945
-54,556,1924
-5,538,2013
89,505,2205
-64,506,2140
-140,566,2084
-148,582,2135
-23,567,2088
-54,559,2082
-59,521,2142
-75,512,2195
-83,534,2091
-85,513,2047
-114,482,2020
-43,450,2113
-184,515,1966
-105,531,1975
-21,541,2009
19,511,2060
-45,528,2041
-41,511,2072
44,475,2121
-21,478,2069
55,474,1985


















-,-,-
-19,-163,2131
-62,-162,2155
21,-197,2195
21,-140,2102
11,-145,2125
-14,-210,2181
-67,-198,2165
-14,-158,2102
-2,-165,2094
-13,-180,2217
-21,-202,2225
-77,-176,2147
-67,-170,2142
16,-160,2194
-30,-162,2152
-87,-182,2160
-61,-202,2132
-73,-201,2108
74,-261,2241
735,-315,2549
2632,-640,2916
3899,-746,3078
3214,-602,1582
595,-559,131
-2901,-789,285
-4221,-1057,2000
-2834,-963,2374
-1798,-486,2172
-1091,-103,1850
-764,-136,2002
-728,-245,2181
-648,-297,2403
-729,-243,2387
-982,-50,2504
-1158,428,2944
-3268,303,3216
-4021,-1165,4757
-2115,-2270,4976
389,-1589,2210
1926,-474,202
1572,-114,-188
1591,-89,731
1121,148,933
857,391,1054
476,437,1537
235,422,1699
-47,463,1800
-78,486,1946
-138,579,1993
-89,693,1890
-96,661,2104
-71,646,2159
-259,659,2102
-166,688,2106
-80,676,2010
-176,664,1979
-108,620,2086
-30,638,2065
-38,648,1991
-24,641,2056
-70,636,2106
-53,577,2042
-36,634,1992
33,610,1988
-45,603,2015
-65,617,1988
-19,610,2030
-101,605,2008
-150,615,2006
-128,632,1960
21,611,2043
49,627,2005
-23,548,2100
-63,569,2078
21,579,2091


















-,-,-
-2,-195,2125
-17,-186,2139
12,-176,2140
44,-181,2174
-24,-207,2195
-19,-190,2157
-8,-194,2187
4,-204,2137
-88,-269,2216
-172,-350,2311
12,-369,2401
1759,-562,2483
3827,-396,2668
3909,-246,1779
1606,-434,170
-1613,-981,769
-3119,-1179,2081
-2500,-981,2362
-2145,-496,2280
-1638,-233,2237
-1506,-147,1950
-1171,-172,2054
-800,-215,2188
-888,-170,2284
-1409,120,2508
-1520,136,3255
-1958,-290,3978
-2956,-751,4315
-1809,-1110,3470
50,-819,1894
944,-378,285
1712,-120,129
1226,52,531
816,126,991
667,327,1263
234,365,1863
208,331,1997
85,461,1790
-55,506,1901
19,533,2006
-252,660,1882
-327,673,1938
-154,614,2216
-142,576,2150
-154,608,2116
-150,644,2053
-20,666,2040
43,673,2012
-7,652,1939
-8,610,2000
88,566,2073
112,591,2099
-72,592,2038
-45,551,2091
-76,556,2020
-33,576,1996
-40,584,2019
-11,610,2031
1,608,2021
-10,608,2010
-85,608,2071
-77,641,2073
-44,650,2063
13,591,2145
14,543,2170
-17,565,2073
-24,632,1950
91,583,1962
-6,576,1970
-38,578,2060
-108,559,2072
-78,566,2091
-68,593,2043
-124,610,2031
57,563,2145


















-,-,-
85,-136,2186
30,-155,2153
-23,-132,2166
35,-147,2190
24,-125,2131
52,-108,2143
56,-146,2215
12,-135,2176
40,-130,2131
-12,-153,2174
-24,-156,2094
-19,-131,2140
81,-175,2172
293,-271,2273
786,-389,2567
2726,-606,3016
4547,-381,2711
3905,-378,693
-32,-988,-481
-4342,-1492,1607
-4734,-1324,2398
-2511,-757,2172
-1186,-83,1935
-946,61,1830
-754,-86,2057
-764,-224,2229
-772,-211,2298
-687,-214,2310
-1007,93,2431
-1196,440,2763
-993,-104,3696
-2259,-338,3763
-3399,-374,3371
-2027,-692,2955
521,-1030,2684
1346,-573,1948
1652,-152,193
1455,-20,482
925,-27,1022
432,172,1149
330,355,1257
457,429,1460
407,576,1616
17,709,1632
215,671,1763
41,728,1921
35,668,2021
-190,657,2028
-87,673,2218
-15,726,2026
-54,694,1958
66,732,2076
51,718,1975
120,671,1958
-67,720,1976
-13,657,1992
-23,668,2000
-10,696,2013
156,688,2052
10,698,2005
40,667,2071
-43,685,1992
26,709,2025
90,682,2056
112,670,2024
31,662,1960
3,657,1947
80,649,1962
40,671,1969
63,664,1931
72,663,1978
40,707,1936
37,718,1943
86,679,2017


















-,-,-
63,-95,2122
12,-96,2094
-13,-97,2138
26,-91,2186
81,-85,2162
40,-80,2132
6,-83,2188
-12,-89,2164
-6,-93,2148
-47,-71,2141
17,-89,2189
-13,-60,2143
-3,-92,2152
-7,-100,2229
-101,-75,2182
-70,-88,2152
-8,-111,2157
63,-134,2196
128,-175,2223
408,-220,2502
1847,-330,2607
4440,-330,2985
4088,-211,972
1056,-628,-423
-3099,-1362,1226
-3939,-1486,2923
-2844,-958,2188
-1455,-307,1891
-968,-57,1908
-950,-137,1806
-1074,-280,2162
-1067,-280,2310
-896,-120,2267
-1431,501,2424
-1884,202,3099
-2604,-323,4338
-2758,-706,4935
-1940,-1154,3564
244,-1164,2152
1372,-483,438
1669,82,-326
1088,-97,922
1060,34,1161
684,329,1058
310,420,1620
172,472,1786
81,588,1685
53,708,1607
177,706,1962
69,681,1981
-112,729,1958
-39,733,1996
66,792,1939
-2,808,1896
-14,778,2175
43,775,1976
18,792,1926
16,734,2155
48,740,2013
7,736,1898
94,717,1973
79,770,1945
10,742,1956
-8,740,1903
2,722,2070
125,718,1969
20,737,1894
87,697,2083
36,715,2008
23,698,2002
38,703,1994
84,714,1990
48,716,2007
-91,704,1959


















-,-,-
-94,-23,2164
-48,-49,2173
-39,-42,2129
-28,-55,2159
-71,-19,2141
-44,-27,2133
-72,-9,2172
8,-33,2202
51,-51,2180
-24,-50,2134
-12,-43,2148
-13,-50,2138
22,-52,2094
-1,-35,2139
-33,-32,2138
-32,-39,2177
-59,-31,2162
-64,-18,2177
-69,-41,2184
-25,-60,2158
-30,-55,2167
-53,-80,2216
-60,-38,2319
439,-197,2707
2870,-656,2817
5358,-759,2705
3642,-771,895
88,-1078,-74
-3890,-1193,902
-4708,-1135,2894
-2774,-772,1914
-1295,-222,1985
-892,-22,2027
-1135,-110,1978
-1091,-199,2169
-846,-174,2228
-621,-99,2291
-788,7,2416
-1285,93,2908
-3100,120,3109
-4660,-227,3356
-3090,-690,3499
533,-759,2608
2000,-431,2165
1710,-79,1159
1690,-152,604
379,-106,1397
260,-8,1518
371,355,1437
190,582,1307
220,689,1629
78,705,1781
-36,675,1905
-141,697,1856
-46,715,1773
-17,737,1806
-165,771,1892
-28,745,1979
-65,752,2068
-88,742,1975
-134,752,2003
-48,796,1958
-105,789,1927
-88,746,1955
-31,754,1973
-89,764,2084
14,749,2010
-52,749,1991
-69,677,2000
-97,705,2046
-105,734,1919
-89,737,1950
-67,706,2001
-91,702,2110
-86,697,1967


















-,-,-
-10,37,2111
-31,33,2128
21,15,2154
-31,29,2149
-38,49,2174
-12,21,2178
-51,27,2193
-38,35,2104
16,44,2142
3,21,2139
-91,22,2122
-52,-4,2090
170,2,2126
1358,2,2270
3462,-137,2620
3924,-215,2117
1890,-677,1347
-1548,-1361,1499
-4295,-1442,2351
-3216,-971,2126
-1815,-295,1666
-1102,51,1773
-1006,-48,2074
-871,-211,2365
-775,-207,2438
-654,-94,2272
-619,-26,2166
-764,23,2229
-1187,74,2370
-1589,263,2751
-1821,267,3073
-2527,190,3473
-1793,-547,4204
-325,-960,3850
604,-636,2559
1046,-286,838
1608,14,177
895,190,234
563,187,721
533,336,915
449,504,1235
407,656,1272
209,689,1544
75,706,1781
26,789,1776
127,817,1918
84,835,1944
-16,844,2066
-23,798,2236
-35,849,2057
-34,855,1946
25,817,1992
43,835,1892
66,818,1921
-3,785,2004
29,792,2008
-18,781,1902
23,695,2083
-45,736,1934
1,710,1938
73,703,2015
102,653,2006
112,647,2043
69,631,2028
55,654,2062
-50,650,2078
50,655,2042
-5,684,1979
51,659,2066
64,678,1992
20,653,2012
90,624,2063
-2,593,2060
18,622,2013
115,644,2005


















-,-,-
-47,-63,2159
-13,-79,2187
-26,-50,2186
-30,-52,2126
-17,-76,2167
-61,-73,2131
-13,-68,2144
-24,-57,2138
-77,-68,2124
-96,-63,2163
-124,-102,2140
-67,-95,2103
254,-113,2155
1623,-122,2480
3324,-284,2988
3897,-548,2626
2003,-759,1513
-513,-947,426
-2646,-931,900
-3127,-973,2017
-2317,-939,2478
-1779,-564,2360
-1516,-333,2002
-1212,-170,1891
-711,-183,2074
-679,-189,2161
-656,-104,2384
-1120,263,2667
-1374,281,2834
-1987,216,3209
-2056,-94,3512
-2079,-577,3698
-1462,-1317,3836
1679,-1308,3157
2160,-184,486
1569,225,-866
1579,-178,860
391,31,1033
377,277,1038
379,354,1607
484,391,2061
183,590,1887
53,692,1807
258,677,1903
196,654,2018
132,710,2009
91,649,2118
47,648,2113
98,750,1986
215,737,1923
209,743,2034
176,725,1963
151,749,1975
141,749,1807
196,679,2070
299,676,2029
192,693,2097
165,631,2110
126,656,2137
117,719,1978
180,783,1947
238,796,1990
298,762,2003
204,732,1970
56,708,2002
151,701,1987
119,700,1948
179,699,1954
211,683,1918
161,674,2039
104,639,1921
131,605,1878
101,597,1816
155,689,1715
261,875,1928


















-,-,-
-76,49,2184
-49,43,2126
-37,44,2104
-66,23,2130
-76,8,2129
-104,-16,2179
-102,-6,2166
-102,9,2136
-112,-16,2164
-105,4,2158
-117,1,2146
-93,-2,2189
-98,-6,2172
-165,6,2188
-228,-4,2175
-228,-60,2112
-234,-79,2094
25,-169,2244
830,-338,2604
2637,-384,3028
4037,-351,3065
3668,-325,2194
2049,-581,1040
-959,-957,106
-4543,-1195,502
-4776,-1083,1562
-2700,-744,1915
-1399,-287,2039
-790,-27,2091
-735,-110,2363
-684,-263,2723
-912,-233,2492
-1274,-97,2385
-1492,68,2448
-2251,229,2680
-2629,-118,3661
-1586,-714,4497
-195,-667,4011
89,-267,1975
1017,-164,782
828,-129,581
686,-42,639
882,155,919
421,424,967
213,439,1365
-119,444,2010
-251,575,1815
-243,623,1707
-100,603,2024
-102,657,1936
-205,721,1952
-287,674,2007
-137,727,1965
-170,751,1933
-134,765,2090
-272,751,1999
-280,725,2040
-234,665,2014
-264,618,2056
-155,575,1992
-209,657,1970
-205,739,1915
-235,784,1918
-236,724,1933
-236,709,2093
-279,695,2134
-303,698,2087
-178,638,2016
-163,590,1975
-156,641,1926
-136,660,1841
-197,734,1882
-205,688,2003
-183,673,2056
-178,655,2143


















-,-,-
-3,22,2136
-16,5,2157
-77,25,2097
-48,24,2119
-38,25,2175
-52,22,2152
-90,17,2182
-83,9,2181
-34,-11,2184
-76,12,2135
-77,10,2136
-78,-13,2183
-114,-2,2159
-120,-4,2142
504,-21,2437
1924,-56,2800
3262,-197,2968
2558,-333,2210
1587,-494,1319
-526,-660,865
-2388,-863,1222
-3452,-968,2016
-3064,-789,2065
-1969,-323,1680
-1040,-11,1761
-741,88,1896
-639,-27,2202
-626,-68,2405
-988,-27,2376
-1369,88,2415
-1801,229,2775
-2137,151,3331
-2172,-121,3639
-1262,-349,3597
-261,-336,2441
682,-202,1499
1253,-133,1217
627,144,963
390,-81,1311
573,-12,1582
334,333,1341
337,447,1350
284,598,1673
30,600,1749
-125,611,1847
-164,608,2019
-230,695,1982
-112,677,2036
-90,687,2166
-250,706,2118
-194,726,2070
-167,755,1998
-84,740,1976
-151,725,2017
-149,706,1958
-184,704,1927
-192,677,1948
-112,653,1983
-73,675,1946
-177,701,1958
-185,700,1938
-141,688,1944
-153,688,2002
-199,696,2012
-183,674,1886
-202,654,1932
-194,654,1972
-194,670,2027
-242,694,1927
-134,699,1993
-206,709,-30709
-137,694,2093
-27,674,2162
-123,669,2114


















-,-,-
-84,-54,2160
4,-41,2151
17,-57,2188
-73,-48,2185
-90,-29,2172
-9,-26,2179
-33,-51,2167
-69,-54,2125
-39,-69,2152
-13,-74,2156
-45,-47,2102
-59,-32,2092
-23,-30,2118
-22,-41,2209
32,-32,2232
87,-36,2202
41,-64,2178
-41,-71,2141
-43,-78,2171
15,-91,2190
-37,-56,2156
-74,-56,2187
124,-83,2316
909,-183,2676
2991,-391,3026
4760,-423,3110
3532,-523,1321
-42,-880,-173
-4298,-1180,151
-5052,-1301,2470
-3120,-856,2129
-1398,-149,2101
-1054,199,1977
-1057,139,2014
-1145,-57,2314
-1210,-49,2450
-1004,101,2428
-1282,285,2418
-1548,329,2803
-2025,9,3506
-1926,-335,3702
-1339,-436,3331
828,-410,1513
847,-97,954
1277,134,288
1070,170,454
635,165,1104
372,240,1523
27,427,1446
26,606,1570
77,671,1924
-131,735,2002
-144,728,2051
-223,690,2193
-203,701,2235
-326,740,2035
-204,765,2019
-168,745,2080
-34,696,2171
-175,729,2002
-180,733,1881
-126,706,1924
-127,727,1906
-164,725,1905
-134,708,1965
-197,681,1973
-234,685,2014
-240,688,2011
-259,661,1947
-174,698,1988
-93,697,1986
-195,707,2006
-209,692,2014
-80,650,2066
-102,664,2058


















-,-,-
-90,-11,2121
-89,15,2142
-85,21,2186
-73,18,2145
-12,16,2158
-59,-2,2137
-106,-5,2125
-97,-8,2210
-41,-12,2199
-90,-3,2191
-160,17,2169
-77,-21,2170
-57,4,2132
-94,12,2114
-116,20,2161
-95,0,2185
-87,6,2122
-87,5,2143
-76,-37,2131
-112,-10,2139
-152,-24,2149
-141,-52,2201
-240,-54,2262
-46,32,2250
1761,-95,2474
5344,-263,3126
3888,-386,1055
80,-1111,622
-4647,-1410,2041
-4387,-1294,2876
-2397,-585,1994
-1000,139,1517
-314,285,1497
-433,49,1841
-717,-158,2194
-1047,-50,2365
-1679,531,2493
-1960,722,3413
-2266,186,4904
-2704,-233,4430
-1107,-526,3065
436,-513,1763
463,-367,401
464,-484,344
461,-472,1067
863,-127,1141
874,218,1518
688,573,1482
433,749,1308
200,706,1578
64,541,1863
-38,583,1921
-116,676,1903
161,755,1917
54,823,1868
41,791,1938
-89,732,2065
-151,666,2080
-150,710,2020
-35,712,2051
51,709,1995
-37,730,1976
27,688,2070
5,712,2114
-41,693,2030
13,686,1992
49,636,2064
-50,650,1962
-16,685,1993
30,663,1961
63,653,2047
-34,652,2074
-92,665,2081
-26,653,2050


















-,-,-
24,2,2157
19,4,2143
-30,11,2150
-65,5,2161
-20,6,2147
-39,3,2107
-52,13,2127
-69,5,2091
1,17,2179
8,25,2219
205,11,2356
1088,7,2451
3664,-137,2974
4871,-369,1975
1372,-874,1027
-3525,-1331,1635
-4744,-1171,2748
-2981,-615,1922
-1462,0,1498
-756,257,1371
-722,169,1518
-687,-40,1921
-647,-102,2167
-512,-51,2274
-477,47,2280
-745,78,2410
-1570,214,2815
-3039,176,3544
-3161,27,3989
-2156,-22,3520
-74,-105,2569
941,53,1168
2056,65,361
1358,53,431
462,-108,1075
129,42,1331
-20,311,1549
-111,520,1539
-56,734,1475
-65,744,1681
-116,728,1921
-69,688,2043
-272,651,2056
-415,586,2095
-539,580,2023
-234,735,2056
54,877,1883
136,917,1925
12,840,2025
-124,722,2132
36,726,2165
-45,765,2075
-65,754,2103
-87,688,2082
-173,672,2002
-252,674,2003
-280,643,1849
-146,732,1978
-131,799,1938
-15,827,1893
-56,803,1951
-93,799,2020
-201,737,2059
-188,733,2044
-158,744,1993
-278,764,1970
-186,777,1972
-170,787,1882
-118,-31965,1874
-194,775,1905
-199,747,1950
-215,704,1925
-207,701,1945
-213,701,2027
-245,705,1961


















-,-,-
-264,33,2202
-167,50,2072
-201,65,2114
43,25,2095
135,85,1878
132,73,2004
18,-10,2286
-13,-20,2278
-118,-9,2185
-163,90,2134
-16,94,2140
87,85,2161
108,70,2189
-31,38,2226
-39,29,2203
60,2,2185
38,2,2160
-34,36,2058
54,11,2094
61,5,2147
-2,-1,2302
-44,22,2325
-20,107,2136
-42,148,2059
74,88,2005
18,81,2247
-60,96,2193
-108,110,2148
-52,97,2074
-128,122,2081
-201,114,2208
-152,75,2181
-217,79,2182
482,35,2152
2976,-239,2662
4902,-538,2938
2904,-662,1631
-692,-983,1130
-4568,-1027,1242
-4512,-961,2445
-1861,-530,2137
-602,-20,1969
-483,-9,2138
-608,-121,2278
-466,-133,2319
-369,-83,2266
-379,-9,2159
-466,153,2321
-842,190,2488
-1474,240,2833
-1766,-39,3306
-1880,-57,3579
-2613,-137,4021
-738,-534,3500
1398,-570,2449
1559,-79,559
1404,514,-582
924,249,665
707,237,957
696,417,1102
497,588,1465
412,707,1534
193,768,1461
147,759,1834
63,794,1892
-81,828,1906
-73,814,2011
240,848,1976
233,900,1913
150,844,2177
218,844,2147
116,842,1963
59,873,1921
177,843,1865
212,857,1800


















-,-,-
-30,29,2172
27,4,2201
37,46,2132
-23,57,2102
2,13,2245
-16,12,2165
-73,22,2113
-92,54,2099
71,32,2114
1,78,2118
-98,91,2151
-137,70,2164
-33,2,2195
-122,44,2139
-102,39,2163
-63,-13,2139
-47,-28,2148
-143,23,2128
-145,15,2141
90,-47,2191
306,-71,2642
1162,17,2678
2316,-144,2330
3232,-215,2471
2279,-441,1398
-286,-762,1157
-2389,-1040,1223
-3161,-903,1784
-3146,-598,1858
-2094,-186,1803
-1305,-94,2065
-926,-86,2244
-812,-62,2374
-722,-52,2189
-843,-27,2145
-942,88,2161
-820,343,1925
-1335,539,2041
-2177,405,3109
-2207,-194,4028
-1581,-407,4021
-368,-483,3014
866,-386,1883
1292,-257,946
959,-226,808
493,-141,1007
581,44,1162
596,189,1553
225,360,1762
86,469,1773
7,576,1869
54,562,1991
-30,594,2188
-80,516,2122
-212,544,2120
-249,518,2150
-272,582,2171
-237,596,2069
-154,628,1943
-200,551,2029
-205,510,2104
-233,520,2094
-145,615,1894
-134,692,1800
25,719,1950
-34,691,1949
-73,628,1876
-91,590,2003
-48,539,2114
-38,585,1974
37,643,1811
200,554,2155
-6,503,2000
-101,534,1984
-113,571,2020


















-,-,-
-52,-4,2197
-67,1,2179
-73,-9,2182
-130,-15,2167
-136,1,2160
-112,-5,2124
-67,4,2148
-34,-13,2216
-134,-27,2223
-158,-6,2308
229,-47,2262
2140,-31,2561
4825,-196,2823
3116,-617,1457
-129,-933,1032
-3144,-933,1409
-3369,-856,1689
-2122,-685,2111
-1602,-324,2178
-1401,-83,1977
-1210,-83,2088
-1044,-88,2186
-897,-104,2196
-672,-24,2135
-568,-21,2116
-593,-59,2144
-570,-55,2313
-989,19,2409
-1521,204,2465
-2596,532,2757
-3013,251,3695
-2336,-553,3838
-960,-604,2937
735,-224,1176
1222,-162,842
943,-544,1002
397,-146,1138
717,-71,1518
602,260,1485
450,545,1341
367,692,1334
300,674,1459
106,489,1864
-31,473,2075
42,566,1919
-116,673,1972
203,691,1947
103,753,1979
92,831,2001
60,745,2085
-43,705,2168
-82,706,2018
-11,674,2124
14,694,2187
57,652,1999
58,698,1831
22,695,1972
218,634,2020
165,621,1990
154,601,2182
91,598,2066
94,544,2147
52,517,2126
125,537,2046
65,483,2048
-118,552,2059
-41,583,2149
90,596,2148
75,628,2066
116,606,2049
125,612,1983
102,586,2085
26,573,2098
115,645,2015
