-,-,-
631,2047,147
518,2039,130
604,2095,124
483,1905,-9
657,2273,-3
492,2089,-35
555,2046,35
488,2098,222
410,2093,216
416,2034,197
432,2133,187
426,2117,210
331,1973,234
370,2170,109
384,2114,148
357,2155,177
360,2177,169
335,2078,172
340,1999,-15
330,1747,-612
422,1595,-1200
466,1755,-1124
284,2166,-991
16,2700,76
-270,3322,438
-425,3425,576
-625,3587,2125
-803,3531,1255
-552,2924,827
-375,2542,1659
-393,2270,1067
-138,2056,1132
-113,1560,1535
12,1700,1303
75,1370,1305
292,707,1430
277,724,1110
346,535,956
414,319,784
447,474,767
415,795,302
599,553,-22
621,808,-284
669,1146,-678
764,1172,-821
617,1475,-643
744,1793,-493
580,2017,-432
577,2360,112
624,2251,78
293,2106,150
352,2889,194
259,2638,573
63,3159,330
68,3123,293
-56,2919,336
-80,2816,226
-32,2478,420
-120,2542,300
-113,2269,352
-138,2149,284
-110,2107,383
-135,2282,149
-104,2145,32
-23,2137,134
1,2106,165
-16,2250,69
-16,2198,82
18,2328,64
52,2240,-50
51,2188,15
80,2156,-35


















-,-,-
63,2131,256
27,2148,236
60,2222,228
113,2224,258
61,2162,283
71,2135,262
60,2212,202
53,2224,266
57,2118,287
59,2101,286
43,2139,310
57,2131,265
101,2059,198
127,2089,250
93,1930,56
190,1863,-72
115,2016,-160
55,2182,-434
67,2229,-446
-42,2314,-318
-196,2512,-289
-299,2730,-36
-525,2384,607
-755,2626,840
-836,2771,764
-836,2771,1117
-673,2573,2402
-1090,2178,1616
-817,2322,1857
-761,2129,1885
-663,2224,1573
-459,1662,1922
-366,1394,1573
-149,1273,1503
-57,625,1358
141,335,1126
264,237,761
443,650,902
332,462,243
456,258,77
540,1373,-79
523,898,-581
673,558,-370
502,2270,-1020
440,1459,-763
531,1411,-500
428,2981,-497
388,2490,-545
238,2199,-590
275,2792,70
-73,2812,-298
-45,2839,136
-110,2974,440
-217,2874,-17
-128,2355,284
-124,2536,379
-204,2259,436
-239,2460,312
-225,2631,192
-192,2124,194
-166,2248,69
-105,2232,23
-78,2171,25
-79,2103,117
-97,2286,22
-64,2171,-5
-21,2150,47
-34,2066,-53
29,2110,-44
13,2185,-10
-1,2129,22
18,2110,26


















-,-,-
-72,2178,291
-71,2165,281
-51,2134,310
-65,2133,282
-57,2177,279
-43,2077,318
-64,2132,293
-59,2166,259
-43,2134,286
-48,2186,266
-48,2157,274
-74,2127,265
-41,2181,219
-24,2188,216
15,2128,80
64,2067,370
-91,2242,172
-48,2272,675
-78,2146,604
-120,2526,75
-22,2402,265
-110,2140,7
-19,2243,-351
44,2147,-470
92,1940,-301
163,2023,-213
118,2221,-36
50,2094,290
-54,2124,381
-88,2101,417
-113,2148,389
-132,2124,288
-168,2104,258
-143,2245,245
-109,2107,249
-100,2114,199
-89,2100,267
-113,2074,278
-115,2056,346
-121,2032,498
-251,2135,469
-187,2258,810
-270,2331,603
-250,2277,575
-207,2191,473
-180,2120,382
-144,2095,510
-241,2114,207
-238,1968,238
-232,2430,180
-219,2464,-433
-212,2247,-346
-217,2440,-642
-123,2221,-331
-35,2059,-261
-33,2427,-698
107,1891,-1065
182,1646,-1404
273,1542,-1488
357,1553,-1604
411,1606,-1604
459,1915,-1575
517,2014,-1445
576,2276,-1547
621,2583,-1369
601,2590,-1028
512,2254,-928
582,2336,-669
531,2435,-437
492,2310,314
455,1929,272
468,1787,597


















-,-,-
109,2217,-54
99,2226,22
115,2125,54
131,2201,73
124,2148,100
101,2120,71
137,2123,99
160,2166,155
120,2122,13
130,2149,69
144,2207,27
157,2137,1
140,2153,31
170,2188,1
159,2225,37
164,2113,83
174,2175,72
154,2143,42
137,2157,155
102,2087,224
71,2000,338
-17,1888,643
-43,2107,1125
-131,2157,864
-217,2465,461
-168,2723,389
-190,2584,301
-165,2372,8
-154,2226,-59
-107,2229,-84
-143,2252,-199
-76,2289,-434
-52,2136,-640
-24,2016,-1260
179,1833,-1302
294,1823,-1419
408,2035,-1451
192,1955,-1496
545,1930,-1214
572,2197,-1070
645,2383,-1025
583,2590,-859
532,2782,-706
416,2806,-679
427,2608,-521
377,2511,-78
283,2071,96
253,2168,335
300,1851,638
326,1397,587
389,1429,726
468,1321,798
574,1186,793
635,1097,747
752,1211,735
844,1311,705
869,1265,469
912,1583,287
1005,1716,180
1053,1805,54
1095,1810,43
1077,1860,80
1046,1892,73
1001,1779,107
1034,1863,176
992,1811,240
1007,1986,209
918,1960,52
910,1898,59
860,1741,162
827,1934,130
736,1835,93


















-,-,-
450,2114,-61
503,2030,-9
423,2099,-12
438,2118,1
435,2126,9
447,2104,-7
432,2103,-20
440,2090,-10
455,2117,-32
415,2119,-33
437,2121,-27
442,2117,-9
470,2073,-20
458,2089,-43
437,2113,-23
441,2086,-28
436,2105,-20
421,2095,22
433,2095,-17
441,2114,8
448,2101,9
457,2131,-16
439,2110,-12
445,2074,-26
451,2182,-18
426,2094,-15
443,2073,-8
441,2077,-38
462,2084,-31
420,2110,-9
433,2093,-12
436,2090,26
440,2079,31
421,2123,1
403,2141,16
429,2102,-45
441,2149,-9
415,2166,25
458,2120,29
468,2087,7
485,2133,1
476,2189,43
474,2199,36
464,2197,-23
489,2216,-48
477,2195,-35
504,2165,40
482,2090,33
466,2074,54
461,2000,135
450,1937,161
396,2027,140
393,2060,106
393,2097,190
384,2126,179
394,2017,212
410,2044,205
375,2090,200
403,2083,239
391,2110,206
412,2119,218
394,2155,143
394,2105,137
412,2093,187
417,2147,183
382,2124,180
374,2083,188
410,2109,201
404,2098,166
426,2101,139
417,2136,144


















-,-,-
348,2125,126
348,2110,107
331,2121,139
323,2141,156
337,2098,125
362,2094,130
329,2133,123
353,2131,143
348,2158,135
349,2159,122
345,2141,141
353,2131,126
348,2128,128
325,2137,116
321,2148,135
336,2103,170
337,2165,233
310,2044,310
330,2067,583
243,2120,703
226,2206,775
197,2377,910
124,2647,880
97,2595,684
104,2415,347
80,2158,-66
55,2006,-518
192,1953,-665
246,1820,-846
287,1723,-1323
440,1582,-1386
561,1865,-1229
442,1830,-1471
701,1922,-1388
832,1884,-1495
897,1943,-1430
886,2054,-1334
802,2271,-1211
803,2201,-962
783,2142,-681
742,2103,-680
722,1885,-324
710,1947,-264
698,1842,16
640,1678,326
592,1761,491
600,1585,707
588,1402,877
612,1365,902
627,1386,886
695,1570,581
798,1526,511
822,1688,354
891,1861,313
952,1898,168
1019,1831,173
1027,1905,103
1080,1867,53
1047,1799,124
1088,1879,37
1088,1782,87
1061,1774,51
1019,1830,94
1018,1886,161
1043,1903,210
1044,1898,213
1033,1886,171
1018,1882,153
998,1920,160
992,1910,79
1025,1853,125
989,1847,83


















-,-,-
279,2070,18
239,1978,11
251,2078,-23
257,2051,-66
239,2118,-84
207,2154,-102
276,2140,-76
249,2141,-62
267,2156,-70
286,2142,-50
286,2110,-23
298,2158,-73
283,2161,-94
286,2140,-91
266,2141,-42
292,2167,-64
314,2087,-71
287,2120,-28
295,2120,-41
306,2178,-58
293,2127,-190
308,2080,-109
288,2124,39
277,2069,200
249,1969,233
224,2068,421
243,2228,298
234,2337,220
224,2462,244
210,2442,228
235,2353,177
227,2330,165
225,2320,176
215,2250,217
180,2174,100
164,2075,-80
67,2066,-483
110,1887,-765
128,1861,-935
223,1804,-1315
266,1887,-1247
419,1923,-1214
511,1708,-1237
529,1589,-1168
587,1773,-1068
610,1912,-1027
667,2119,-944
622,2391,-1020
671,2475,-935
621,2536,-814
586,2481,-672
581,2492,-407
546,2401,-384
531,2249,-263
485,2198,-120
521,2097,52
570,1854,130
611,1727,232
636,1563,343
642,1346,447
674,1242,539
746,1206,597
806,1272,417
875,1368,368
938,1498,377
961,1665,344
1019,1715,244
1042,1774,109
1098,1835,164
1086,1838,136
1094,1876,82
1096,1907,108


















-,-,-
397,2116,-120
396,2109,-162
422,2088,-140
405,2088,-176
392,2087,-119
406,2085,-162
437,2093,-183
418,2128,-175
400,2083,-155
419,2105,-127
427,2088,-134
419,2088,-108
404,2161,-147
426,2097,-138
423,2185,-158
390,2120,-171
395,2047,-34
417,2104,138
369,2048,300
368,2147,515
330,2259,396
260,2272,227
260,2228,242
272,2293,214
263,2229,59
263,2202,40
216,2165,-80
188,2236,-56
159,2100,-120
191,2212,-74
134,2240,-384
138,1964,-900
228,1713,-1228
308,1622,-1465
385,1629,-1434
454,1808,-1373
551,1875,-1216
593,1937,-1337
671,2044,-1307
677,2303,-1252
625,2194,-1214
601,2312,-933
522,2347,-756
516,2291,-518
486,2248,-369
526,2274,-228
607,2297,-242
540,2206,-142
570,1992,-203
572,1743,-99
596,1527,125
610,1549,289
646,1440,593
710,1477,503
737,1456,471
773,1615,343
792,1595,243
848,1582,240
873,1683,240
898,1751,143
1016,1804,106
1008,1894,136
1019,1949,69
1043,1967,41
1033,1934,11
1008,1957,33
988,1911,59
977,1816,60
965,1851,91
973,1899,121
1016,1887,111
957,1926,85


















-,-,-
324,2129,-140
327,2082,-69
353,2099,-105
329,2127,-85
288,2062,-141
302,2094,-136
333,2103,-109
321,2141,-99
330,2125,-181
338,2128,-100
311,2142,-134
334,2107,-94
309,2085,-77
329,2121,-92
311,2043,78
324,2168,318
296,2195,351
283,2112,411
234,2385,295
229,2394,25
286,2245,28
238,2235,90
245,2185,-52
236,2195,-70
225,2218,23
190,2157,139
173,2117,4
131,2121,-272
173,1951,-550
235,1889,-896
228,1893,-1124
317,2075,-1194
374,1935,-1192
433,1848,-1306
524,1893,-1201
546,2009,-1142
577,2036,-1089
600,2227,-995
630,2297,-864
587,2459,-769
573,2464,-717
527,2359,-555
538,2300,-539
510,2334,-497
538,2215,-254
539,2131,-129
506,1974,-34
589,1837,101
644,1710,197
644,1671,201
656,1610,421
713,1474,450
796,1287,405
869,1303,440
942,1437,395
960,1457,334
1020,1494,232
1056,1622,211
1117,1659,204
1106,1682,215
1119,1731,205
1124,1781,175
1170,1801,193
1098,1830,173
1122,1851,161
1122,1789,181
1102,1803,152
1103,1843,114
1067,1874,141
1073,1814,99
1092,1798,142
1109,1756,116


















-,-,-
398,1996,-171
417,2022,-171
457,2040,-124
439,2092,-98
455,2182,-56
424,2185,55
452,2107,-73
419,2127,-105
406,2074,-141
440,2006,-68
371,2057,184
370,2039,453
396,2127,764
308,2435,678
230,2556,558
168,2400,377
144,2351,59
165,2260,-363
191,2047,-644
247,2124,-920
286,1885,-1199
336,1658,-1601
414,1482,-1496
451,1564,-1654
539,1431,-1562
598,1501,-1327
634,1754,-1015
653,1947,-1329
795,1834,-1187
779,2067,-1142
768,2163,-1070
748,2266,-1049
778,2256,-811
725,2366,-642
695,2362,-668
715,2186,-462
696,2168,-362
733,2080,-309
722,1863,-211
743,1784,-106
723,1679,-3
711,1677,218
761,1517,269
763,1300,468
817,1367,599
864,1136,528
945,1086,560
949,1372,401
972,1497,396
1003,1626,323
1081,1709,261
1080,1874,246
1132,1781,296
1134,1774,222
1197,1801,261
1155,1841,308
1146,1888,202
1162,1887,229
1089,1881,204
1124,1840,214
1087,1821,196
1109,1730,204
1099,1752,240
1104,1796,212
1099,1798,241
1093,1783,218
1114,1708,201
1102,1785,219
1099,1801,275
1075,1812,190
1109,1770,185
1100,1834,220


















-,-,-
404,2125,-180
382,2105,-118
370,2124,-99
359,2099,-158
399,2094,-166
417,2067,-125
417,2108,-92
421,2131,-59
417,2135,-68
391,2155,-54
371,2094,-68
348,2049,23
371,2124,363
394,2289,710
349,2456,692
331,2357,706
260,2342,539
237,2227,175
222,2047,36
208,1986,-301
225,1893,-649
277,1800,-1067
370,1709,-1567
469,1580,-1563
518,1763,-1176
535,2107,-784
620,2321,-1000
621,2413,-552
665,2630,-788
717,2721,-796
636,2694,-734
592,2583,-631
520,2483,-401
548,2407,-98
475,2341,172
468,2312,229
467,1941,422
434,1753,558
503,1599,657
583,1287,544
588,1194,558
657,1228,533
704,1178,522
733,1372,391
838,1461,382
887,1590,398
998,1660,355
1027,1753,322
974,1886,242
1077,1839,271
1063,1875,324
1033,1850,242
1064,1880,307
999,1905,330
1024,1868,372
1016,1955,382
1003,1874,289
1015,1854,271
991,1868,274
987,1824,231
976,1767,268
981,1790,322
991,1927,307
1010,1887,354
1001,1878,258
1008,1885,258
1019,1880,278
957,1841,350
906,1860,319
940,1804,329
903,1728,323
869,1673,235


















-,-,-
366,2098,-195
364,2097,-133
353,2116,-136
363,2084,-99
364,2130,-90
347,2114,-106
343,2102,-83
334,2072,-187
347,2083,-56
318,2094,207
323,2135,361
327,2276,323
323,2310,250
317,2336,200
331,2420,119
356,2307,90
347,2294,242
167,1888,210
222,1925,162
208,1860,-98
177,2021,-167
171,1926,-236
161,1752,-658
169,1796,-932
200,2041,-1229
277,2032,-1470
321,1929,-1751
380,2212,-1702
417,2036,-1671
481,1911,-1576
536,2080,-1419
569,2124,-1158
620,2126,-846
555,2356,-752
462,2459,-675
475,2287,-639
535,2289,-373
526,2288,-264
532,2163,-188
596,1955,-117
572,1692,-38
622,1587,61
660,1524,181
665,1454,288
730,1434,404
752,1339,452
782,1405,518
808,1450,468
844,1526,425
844,1651,301
927,1713,297
968,1900,295
1001,1878,212
1052,1885,199
1016,1936,183
1013,1898,180
1031,1858,184
997,1889,228
977,1828,173
1036,1811,198
1036,1814,289
985,1800,245
985,1867,226
992,1838,221
966,1847,155
1010,1842,94
1045,1809,140
994,1896,194
1001,1868,118
1024,1864,109
1026,1922,112
1030,1882,91


















-,-,-
255,2118,-170
208,2134,-161
226,2158,-176
198,2148,-175
224,2144,-166
222,2152,-112
204,2127,-169
203,2183,-49
183,2179,9
210,2072,62
204,2151,147
192,2199,155
217,2220,126
237,2287,265
248,2385,428
219,2479,427
159,2398,462
102,2341,228
82,2128,63
47,2049,19
17,2000,-190
51,1810,-447
47,1905,-726
167,1920,-944
193,1961,-1241
306,1845,-1200
372,1917,-1184
381,2012,-1237
437,1962,-1282
492,1962,-1173
513,2098,-1174
563,2175,-1091
573,2212,-725
576,2485,-651
650,2505,-765
642,2497,-668
520,2543,-572
412,2408,-476
405,2276,-403
336,2129,-369
366,1891,-89
364,1808,186
423,1730,337
468,1578,392
483,1520,482
526,1482,514
586,1404,618
620,1456,581
649,1589,566
687,1651,472
759,1762,309
811,1806,217
848,1883,147
888,1949,47
927,1985,71
912,2076,114
930,2052,105
876,1980,101
895,1968,90
871,2005,161
880,1898,134
879,1918,133
853,1902,87
869,1900,131
907,1936,132
885,1966,91
899,1999,65
900,1996,133
916,1942,62
894,1951,70
855,1892,115
874,1894,118


















-,-,-
2109,0,0
244,2084,-186
225,2043,-270
297,2056,-248
269,2185,-235
277,2184,-167
282,2206,-144
301,2208,-160
286,2198,194
245,2305,807
234,2514,790
193,2162,530
172,2102,462
155,2124,315
115,2199,78
143,2260,-88
164,2209,-267
162,2217,-442
195,2115,-670
154,1841,-968
163,1487,-1313
272,1518,-1329
284,1716,-1334
367,1846,-1359
443,1993,-1284
468,2205,-1511
558,2118,-1555
578,2104,-1363
591,2242,-1121
572,2398,-1134
615,2277,-996
513,2212,-648
488,2236,-528
494,2082,-445
453,2142,-126
374,2219,143
431,2240,257
462,1925,446
495,1952,444
492,1805,650
447,1608,532
576,1345,511
642,1295,549
698,1325,446
725,1413,316
842,1398,434
844,1598,334
917,1694,232
970,1716,246
962,1877,283
979,1958,255
980,1909,215
969,1952,237
948,1965,260
947,1994,223
928,1981,269
951,1999,222
950,1903,209
959,1865,196
935,1950,197
944,1917,246
910,1884,188
946,1822,218
963,1828,234
940,1888,242
903,1891,200
945,1857,204
924,1855,219
905,1901,203
899,1816,129
868,1797,183
872,1753,192


















-,-,-
328,2131,4
340,2134,-17
307,2091,67
333,2121,41
334,2144,26
317,2133,33
331,2107,52
328,2146,69
340,2089,63
334,2145,34
332,2145,12
329,2131,84
353,2149,194
331,2159,47
304,2121,190
307,2140,347
290,2148,401
281,2254,468
304,2205,319
308,2162,213
274,2257,237
252,2276,288
207,2115,8
243,2160,-84
240,2321,-421
221,2329,-526
301,2024,-369
264,1827,-403
273,1845,-423
275,2015,-668
328,1870,-817
301,1932,-997
359,2012,-1009
366,2000,-858
399,2127,-894
483,2074,-879
508,2191,-918
557,2238,-737
545,2325,-903
529,2401,-767
510,2437,-549
568,2455,-309
566,2377,-248
482,2334,-189
468,2110,-16
413,1908,5
364,1790,-54
377,1752,206
433,1449,635
477,1465,821
542,1446,611
593,1615,523
619,1707,501
663,1808,406
803,1728,337
806,1811,320
828,1902,210
857,1915,219
820,1901,217
827,1904,184
813,1897,205
811,1913,221
811,2009,180
858,1994,198
851,1995,140
827,2043,110
841,2018,192
821,1975,232
802,2013,207
810,1990,184
800,2013,197


















-,-,-
346,2089,-100
326,2094,-40
334,2175,-13
363,2151,13
364,2146,-4
333,2134,2
338,2141,51
301,2115,90
298,2093,94
321,2101,229
317,2079,436
303,2171,616
297,2239,909
287,2442,1019
190,2401,926
99,2103,441
22,2177,57
-49,2174,-411
-16,2063,-714
54,1989,-1021
161,1936,-1384
256,1867,-1595
393,2179,-1620
490,2072,-1577
665,2113,-1331
654,2370,-1174
615,2671,-1018
539,2575,-904
444,2633,-649
405,2691,-298
376,2460,-4
391,2291,172
382,2060,392
395,1899,430
437,1621,417
477,1403,531
536,1320,528
641,1118,441
698,1133,455
736,1489,453
784,1555,312
840,1549,198
910,1618,130
944,1748,126
973,1813,147
1004,1834,114
1047,1798,88
1037,1821,149
1041,1939,184
1012,1961,151
1035,1928,129
1014,1901,126
992,1919,168
1001,1884,118
1018,1841,176
978,1904,101
1013,1867,83
991,1836,111
1003,1864,99
990,1830,141
1005,1874,105
1004,1885,114
994,1848,129
1008,1905,82
999,1859,89
1014,1889,72
1018,1886,40
1015,1844,116
980,1878,104
994,1865,135
987,1899,125
1012,1831,107


















-,-,-
231,2122,-146
242,2120,-131
247,2103,-204
252,2098,-240
246,2091,-173
264,2113,22
270,2131,148
235,2178,221
195,2256,361
146,2243,413
152,2290,467
112,2303,471
117,2313,474
98,2194,360
84,2185,142
115,2142,-88
90,2188,-358
154,2045,-650
169,1941,-800
211,2027,-948
232,1952,-1241
320,1867,-1315
401,1977,-1286
424,2162,-1348
479,2136,-1125
528,2235,-1062
485,2218,-943
473,2310,-816
471,2324,-695
513,2329,-489
501,2394,-297
475,2324,-327
496,2202,-205
497,2237,-163
517,2100,94
502,2005,57
616,1975,-19
592,1748,180
589,1453,340
624,1588,319
571,1762,347
581,1674,393
662,1577,410
709,1678,419
689,1741,341
759,1689,209
844,1665,105
866,1838,188
887,1872,276
931,1938,201
941,1904,218
946,1945,191
956,1939,208
957,1907,302
947,1904,225
960,1851,204
928,1939,205
949,1920,163
942,1843,131
962,1911,155
960,1864,149
934,1899,99
970,1854,184
940,1861,179
956,1907,126
954,1920,121
935,1905,150
970,1844,90
958,1871,122
942,1902,222
949,1901,225
943,1868,204


















-,-,-
251,2134,-134
274,2102,-168
255,2077,-212
235,2144,-97
256,2119,-11
263,2161,172
232,2319,297
241,2424,272
183,2266,295
122,2235,461
88,2298,375
75,2248,318
74,2225,212
98,2117,-52
130,2156,-502
228,2090,-539
262,2127,-677
286,1955,-669
312,1930,-649
332,1921,-644
296,1871,-765
350,1891,-817
398,1907,-866
406,1895,-1020
483,1902,-1041
511,2107,-855
551,2196,-932
617,2204,-988
595,2253,-923
610,2306,-675
590,2299,-863
594,2206,-754
564,2274,-452
514,2264,-377
560,2195,-376
583,2229,-379
593,2229,-101
587,2202,-85
631,2102,-61
636,1995,98
649,1948,172
675,1855,176
701,1691,353
699,1601,440
737,1496,494
740,1375,632
802,1330,668
789,1386,512
834,1490,458
876,1584,448
955,1536,458
987,1669,387
1068,1642,256
1114,1764,294
1077,1882,298
1110,1806,272
1099,1817,326
1049,1880,328
1079,1862,306
1090,1897,322
1046,1896,185
1075,1775,229
1027,1871,276
1043,1785,257
1029,1755,220
1067,1771,266
1070,1805,266
1103,1776,255
1095,1825,238
1078,1820,221
1068,1823,217
1085,1791,219


















-,-,-
7,0,0
349,2126,-158
320,2112,-144
350,2099,-229
328,2098,-176
355,2155,-181
333,2155,-201
312,2140,-160
314,2173,-191
351,2132,-180
359,2108,-152
330,2149,-24
314,2081,152
366,2170,450
300,2292,655
211,2308,504
224,2283,442
191,2309,457
199,2398,213
160,2179,31
184,2198,-18
186,2168,-163
154,2135,-271
150,2174,-682
227,1872,-1085
275,1814,-1557
383,1584,-1574
468,1827,-1570
496,2060,-1480
573,2003,-1479
674,2003,-1115
679,2212,-1013
654,2215,-918
719,2183,-791
670,2464,-580
647,2528,-450
548,2610,-508
570,2433,-383
502,2224,-319
492,2093,-198
499,1816,-2
447,1935,293
476,1803,338
602,1441,428
655,1402,508
741,1493,333
795,1371,308
869,1334,312
879,1427,254
865,1587,215
962,1599,376
966,1608,418
1004,1746,272
1049,1665,224
1027,1713,194
1068,1757,167
1067,1768,207
1082,1869,134
1134,1850,111
1109,1915,71
1110,1875,163
1107,1813,145
1060,1796,114
1061,1859,98
1060,1817,199
1064,1788,191
1059,1793,168
1059,1845,143
1046,1886,111
1043,1833,104
1085,1821,122
1062,1861,86
1046,1815,128


















-,-,-
320,2119,-192
343,2140,-193
325,2138,-231
317,2090,-166
319,2104,-123
327,2133,-142
305,2141,-28
261,2127,-110
311,2145,92
332,2168,108
322,2242,120
293,2319,279
232,2319,606
241,2440,566
199,2280,241
192,2157,243
181,2120,208
133,1909,61
202,2013,-389
232,1975,-715
199,1967,-1064
290,1942,-1353
342,1895,-1539
391,1844,-1562
487,1927,-1580
535,2038,-1399
572,2124,-1296
626,1969,-1151
697,2048,-1061
713,2190,-855
635,2213,-716
605,2353,-594
622,2351,-481
628,2424,-401
633,2363,-273
573,2441,-251
595,2120,-162
611,1843,-57
599,1779,51
632,1562,40
631,1415,130
695,1356,404
656,1280,547
708,1250,554
828,1352,531
905,1463,558
903,1661,426
1007,1766,280
1035,1761,187
1027,1742,176
1026,1788,79
1091,1739,113
1067,1782,250
1082,1882,244
1096,1880,126
1078,1904,65
1093,1896,116
1087,1851,60
1083,1801,56
1082,1864,60
1068,1845,151
1063,1878,179
1068,1820,160
1047,1799,76
1046,1775,124
1046,1763,96
1041,1844,110
1042,1851,112
1043,1836,79
1061,1847,131
1061,1873,97
1077,1875,69


















-,-,-
-213,0,0
296,2104,-131
239,2127,-206
275,2191,-213
272,2146,-193
259,2097,-306
285,2138,-270
270,2098,-163
287,2109,-142
260,2135,-108
230,2158,-73
232,2151,79
244,2141,-147
201,2138,-97
231,2171,-103
274,2146,-261
321,2083,107
321,2218,503
245,2492,478
192,2387,272
127,2165,80
210,2062,105
151,2089,-92
160,2027,-193
190,2108,-218
193,2266,-181
187,2178,-394
213,1937,-418
146,1980,-779
181,1775,-836
192,1988,-1002
274,1965,-865
280,1947,-956
304,1830,-1215
364,1843,-1191
388,1997,-1064
451,2042,-1038
473,2059,-871
471,2195,-972
463,2161,-922
485,2227,-803
506,2251,-1075
528,1998,-784
521,2300,-658
499,2358,-497
496,2305,-478
503,2315,-523
561,2442,-523
538,2287,-474
559,2127,-346
559,2061,-175
550,1943,-81
596,1817,-52
619,1696,118
630,1787,219
668,1756,249
719,1550,418
767,1494,459
845,1397,552
853,1468,569
891,1513,532
858,1566,401
879,1591,268
946,1696,230
964,1734,234
989,1741,196
1024,1752,200
1065,1805,183
1042,1836,134
1059,1829,214
1072,1850,175
1061,1838,133
1053,1919,168


















-,-,-
415,2131,-41
444,2149,-67
447,2145,-12
437,2068,-10
424,2123,-59
431,2125,-31
437,2098,-6
425,2100,-14
438,2138,-35
440,2118,-22
432,2053,-17
451,2177,-57
439,2108,-16
439,2009,-49
447,2129,-41
440,2171,-42
433,2020,-50
446,2076,-33
434,2158,-30
435,2080,-20
433,2090,-74
440,2135,-73
449,2097,-27
445,2048,1
430,2084,11
419,2154,29
423,2080,83
439,2076,203
448,2157,387
395,2168,368
392,2196,425
443,2184,642
458,2236,392
450,2336,310
322,2252,268
278,2358,230
293,2170,-43
281,2370,-162
273,2120,-394
265,2148,-682
155,1843,-1148
196,1635,-1326
242,1786,-1327
273,1980,-1317
325,2023,-1271
444,2036,-1089
471,1943,-1018
519,2077,-1074
614,2166,-1013
621,2174,-1141
634,2254,-1014
606,2532,-883
541,2461,-700
678,2404,-621
639,2302,-427
635,2153,-303
588,2051,-329
639,1960,-146
681,1840,-117
733,1775,-199
765,1693,122
831,1676,348
820,1719,315
851,1565,415
879,1477,569
845,1355,398
855,1283,412
930,1369,399
962,1400,388
995,1477,246
1071,1514,183
1130,1594,204
