-,-,-
262,2111,-181
268,2100,-150
265,2130,-191
269,2094,-238
274,2137,-201
277,2129,-148
287,2127,-195
252,2164,-227
291,2084,-194
269,2136,-189
273,2142,-174
286,2081,-175
262,2186,-240
279,2192,-167
280,2126,-190
262,2107,-237
283,2158,-254
270,2091,-109
266,2158,-145
253,2144,-175
243,2127,-217
253,2110,-159
277,2152,-138
225,2186,-156
230,2105,-49
216,2097,187
182,2117,585
100,2174,943
73,2177,804
38,2284,538
-114,2327,774
-85,2312,464
-103,2104,-101
-84,2065,-446
-40,2105,-719
-9,2289,-1427
148,2267,-1791
293,2353,-1701
369,2419,-1355
408,2557,-1500
474,2767,-1492
444,2960,-1323
445,2932,-591
460,2831,-460
542,2792,-473
411,2864,-137
332,2796,-42
237,2262,-74
236,1542,443
115,1530,281
18,1051,768
7,1362,863
259,900,943
539,656,460
639,600,489
580,1539,374
521,1776,411
696,1821,438
770,1780,226
792,2195,2
792,2340,-12
790,2213,79
796,2148,-8
791,2114,103
763,2203,86
801,2062,51
744,2023,137
778,2014,43
805,1918,84
796,1940,44
768,2064,-58
793,2004,112


















-,-,-
77,2091,-364
61,2141,-209
45,2035,140
26,2198,-87
30,2172,-278
-10,2286,-336
25,2246,52
26,2239,-19
50,2151,-191
28,2155,-240
-10,2061,-117
-21,2090,-105
116,2053,-219
108,2083,-258
46,2283,-367
20,2242,-209
4,2217,-124
15,2083,-150
15,2079,-151
-4,2198,-191
14,2078,-71
38,2115,212
21,2143,89
15,2267,227
48,2445,922
111,2785,1078
63,2752,841
-41,2849,449
-120,2663,607
-232,2385,360
-214,1824,-181
-246,1785,-1074
-196,1735,-1751
-164,1398,-2063
-81,1898,-2405
65,2272,-2243
210,2564,-2339
368,2537,-1706
345,2724,-1378
346,2796,-999
265,3062,-723
279,2647,-394
237,2382,-291
162,2253,149
80,1795,377
90,1141,685
58,1300,827
110,1341,603
329,1168,651
488,1256,443
531,1379,417
624,1590,254
670,1652,177
803,1642,326
774,1965,144
852,1874,-177
817,2073,-80
778,2087,85
825,2017,69
834,1895,34
775,2175,-185
757,2238,-90
731,2024,219
754,1877,27
780,1807,-72
789,1895,-50
837,1896,134
849,2108,39
866,2093,-113
854,2117,-106
803,2172,12
780,2077,104


















-,-,-
-6,2197,-427
-26,2140,-216
-17,2217,312
-73,2290,482
-43,2376,1136
-103,2171,1024
-131,2687,1197
-146,2539,665
-231,2336,114
-351,2088,-401
-348,1783,-523
-303,1537,-1249
-264,1950,-1968
-187,2144,-2006
-94,1747,-1569
-12,2339,-1681
54,2242,-1645
139,2539,-1068
142,2576,-1072
240,2438,-1064
252,2838,-990
225,2670,-1027
136,2459,-484
83,3213,-540
176,2549,-643
308,2187,-583
122,2090,161
40,2004,813
224,1143,302
201,508,908
-125,1598,681
107,1449,422
389,1068,361
450,1678,291
388,1588,180
483,1854,190
570,1939,125
697,1827,-65
702,2050,-187
673,2096,-66
733,2048,171
736,2080,-108
685,2109,-302
669,2064,-129
727,1989,63
688,2003,-31
722,2039,-294
649,2016,-197
675,2115,-21
732,1992,-69
728,1907,-107
736,2040,-170
699,2087,-7
673,2047,64
678,2044,-91
701,2066,-193
681,2050,78
636,2006,66
678,1959,-114
671,1977,-148
668,1942,-17
652,1868,82
653,1869,62
598,1723,-61
523,1781,-161
416,1727,56
384,1570,306
413,1441,-105
339,1557,-515
453,1750,-81
371,1779,278
528,2051,-347


















-,-,-
24,2065,-370
12,2043,-417
32,2107,-285
-5,2209,-283
17,2175,-358
40,2116,-439
33,2089,-366
15,2196,-257
-1,2159,-316
15,2030,-377
-11,2102,-403
-11,2200,-315
-14,2222,-247
11,1956,-431
21,2160,-458
-3,2197,-340
-19,2145,-198
-14,2189,-72
-1,2292,-246
8,2097,-138
16,2169,315
-12,2565,300
-87,2368,525
-81,2424,848
-60,2614,1636
-188,2684,880
-444,1945,-1060
-420,1373,-1817
-283,1671,-2107
-323,1749,-2282
-270,2238,-2554
-134,2522,-2188
-55,2164,-1692
23,2312,-1641
141,2536,-1355
168,2661,-945
131,2714,-710
147,2450,-695
204,2320,-631
153,2246,-48
32,2761,-29
226,2135,-45
386,1514,-7
348,1186,205
207,1594,625
225,1381,640
360,766,425
356,1093,414
356,1434,264
482,1647,61
600,1804,-190
678,1860,-23
646,1963,67
639,2110,-64
649,2218,-160
688,2051,-195
705,2022,-179
726,2211,-45
716,2220,-149
714,2142,-283
715,2056,-186
723,2067,-16
675,2102,10
676,2080,-110
704,2060,-156
718,1920,-183
719,2113,-188
718,1926,-125
728,1948,-95
739,1849,-59
721,2044,-90
725,2108,-40


















-,-,-
3,2186,-368
-12,2219,-499
8,2218,-409
-36,2019,-211
-47,2126,-186
-47,2174,-395
-36,2153,-428
-59,2173,-181
-75,2064,-172
-27,2114,-328
-32,2099,-419
-51,2160,-311
-67,2121,-294
-9,2199,-370
-13,2212,-377
-34,2071,-380
-31,2158,-226
-48,2133,-302
-52,2110,-394
-47,2191,-262
-63,2180,237
-47,2271,1205
-110,2641,1125
-236,2488,1014
-305,2443,621
-390,2208,442
-375,2235,-183
-371,1933,-1693
-352,2100,-2186
-290,1997,-2108
-173,2548,-1516
-65,2517,-1694
-15,1834,-2057
49,1753,-1506
27,2589,-1435
46,2327,-1465
68,2252,-1113
110,2650,-751
201,2660,-734
202,2487,-681
120,2299,-290
10,2698,-173
-14,2402,-183
83,1986,-49
117,1357,311
130,1027,656
127,1121,746
246,1074,264
329,1170,416
406,1510,272
572,1888,-150
651,1925,-221
720,1946,-134
739,1815,-80
717,1840,-166
692,2128,-167
758,2025,-284
772,1959,-298
727,2057,-257
737,2138,-293
774,2035,-270
726,2060,-202
737,2015,-189
718,1996,-219
702,1972,-233
741,2028,-217
695,1946,-180
730,1946,-169
727,1966,-195
678,2059,-251
699,2030,-182
670,2062,-4


















-,-,-
-6,2168,-384
-19,2201,-278
-10,2197,-336
3,2077,-390
3,2138,-442
-19,2242,-331
-47,2104,-359
-13,2088,-429
-29,2141,-521
-13,2183,-378
-26,2003,-365
3,2113,-390
15,2163,-427
1,2089,-391
-27,2063,-398
3,2205,-378
-23,2142,-430
-34,2123,-408
-26,2120,-409
-19,2084,-358
-21,2115,-419
-2,2047,-404
-16,2148,-399
-21,2146,-386
6,2124,-373
2,2116,-348
-19,2142,-227
-53,2104,61
-76,2229,443
-114,2386,270
-121,2386,214
-141,2435,436
-160,2486,668
-168,2629,691
-263,2495,-174
-346,2089,-633
-319,1793,-1028
-215,1689,-1470
-246,1652,-2073
-160,1770,-2194
-26,2206,-1937
8,2121,-1865
39,2094,-2039
124,2313,-1655
89,2971,-1336
56,2722,-1106
29,2686,-792
39,3185,-718
53,2889,-979
57,2404,-688
32,1828,113
-10,1964,266
120,1595,249
86,767,402
68,1272,739
-55,1599,808
120,1283,350
334,1092,225
373,1518,147
484,1903,-16
493,1950,1
713,1867,151
693,1795,11
722,2015,-173
740,2066,-154
751,2151,-248
745,2029,-260
757,2119,-199
761,2071,-240
756,2060,-98
726,2067,-55


















-,-,-
512,1792,-113
487,1766,-97
338,1703,-100
349,1494,-244
205,1380,44
113,1267,-95
218,1369,-160
66,862,-453
-64,950,6
395,1947,1924
-253,-515,-269
243,3665,-704
302,3645,-212
447,2753,-779
241,3403,-1205
248,3834,-526
230,3655,-423
199,2374,-384
77,2087,-451
-67,2408,-204
-163,2327,-391
-116,2201,-599
-92,1925,-643
-94,2057,-119
-96,2374,-206
-79,2258,-545
-76,2136,-243
-123,2040,315
-173,2578,1185
-281,2614,1004
-302,2698,1191
-346,3268,856
-381,2490,87
-373,2019,-587
-339,1944,-1319
-334,1696,-2153
-354,1185,-2795
-194,1739,-2613
-84,2261,-2978
46,2664,-1670
43,2972,-1401
-50,3272,-1770
-30,3075,-1338
-103,2944,-476
-120,2626,-170
-121,2219,-89
-121,2280,-97
-82,1753,230
-2,1066,503
141,1109,798
192,907,706
179,889,485
222,1299,255
320,1488,314
462,1410,-14
433,1713,-49
598,1960,-13
661,1983,111
679,2017,59
671,2118,-142
684,2141,-125
665,2012,-62
699,2011,-50
750,2107,-144
731,2087,-229
706,2046,-111
688,2129,-6
718,2172,-149
729,2043,-309
704,1966,-83
659,1966,60
678,2055,-92


















-,-,-
-59,2003,-295
-64,2019,-250
-63,2148,-320
-52,2174,-323
-29,2228,-273
-49,2207,-446
-44,2169,-441
-66,2117,-285
-64,2152,-329
-63,2082,-440
-1,2063,-421
32,2197,-394
9,2164,-310
-37,2110,-240
-74,2091,109
-79,2141,1245
-152,2614,973
-239,2409,1042
-329,2560,697
-385,2263,27
-391,2576,-477
-461,2279,-1233
-384,1544,-1631
-305,1666,-1858
-272,1429,-2352
-163,2336,-2337
-55,2157,-2382
48,2343,-2110
67,2758,-1871
102,3159,-1624
60,2809,-1471
-1,2709,-598
-141,3201,-675
-104,2459,-576
-142,1950,-158
-198,1664,629
-61,1530,653
100,523,452
-61,926,760
115,1852,462
201,982,401
280,1244,73
352,1498,164
478,1709,268
550,917,0
652,1939,22
652,2010,-143
659,2151,-209
701,2127,-59
658,2164,38
670,2075,-180
673,2068,-338
671,2209,-76
646,2150,99
678,2137,-123
705,2015,-290
686,2061,-95
656,2072,-6
670,1962,77
717,1906,-123
694,1918,-100
604,2088,10
615,2096,-55
656,1945,12
680,1922,-87
660,2067,-146
642,2095,-107
650,2039,38
679,2040,-114
712,1996,-166
652,2004,-199
637,2067,-113


















-,-,-
-82,2077,-409
-70,2052,-401
-65,2116,-174
-69,2151,-399
-47,2080,-614
-29,2254,-251
-72,2225,-437
-30,2063,-339
-64,2100,-530
-59,2104,-325
-88,2116,-407
-51,2086,-561
-49,2066,-406
-58,2147,-367
-54,2106,-454
-62,2036,-511
-55,2182,-590
-56,2145,-153
-147,1908,642
-217,2650,1946
-408,3296,733
-305,2222,690
-322,2484,200
-447,1976,-1044
-245,1799,-1032
-170,1713,-1455
-224,1966,-1478
-158,2325,-1867
-131,1890,-2555
-18,2064,-2758
105,2337,-1976
123,2730,-2436
150,3261,-1606
-45,3482,-1479
-97,3038,-1116
-117,2174,-1055
-148,1809,121
-274,2323,541
-115,1195,506
-93,278,1055
59,1030,874
-20,936,546
94,1441,-210
198,2050,120
405,1716,90
629,1507,-152
504,1577,-252
434,2249,-326
570,2286,-317
776,1871,-276
792,1771,-336
754,2028,-136
658,2041,-261
724,2114,-305
750,2011,-166
747,2022,-228
694,1969,-252
630,2050,-127
679,2077,-106
731,1931,-173
753,1912,-141
695,2074,-187
674,2046,-102
687,2054,-46
707,1939,-154
692,1934,-188
680,1948,-131
693,1952,-95
665,1916,-115
659,2087,-258
727,2015,-262
701,1998,-236


















-,-,-
-115,2038,-404
-117,2044,-353
-111,2155,-265
-89,2220,-480
-54,2064,-633
-90,2124,-504
-100,2148,-406
-114,2001,-507
-109,2084,-503
-106,2133,-389
-142,2045,-267
-143,2115,-301
-154,2141,-396
-132,2231,-403
-131,2220,-383
-154,2079,-405
-119,2138,-400
-92,2245,-16
-158,2334,879
-257,2936,1254
-358,3156,1287
-519,2168,804
-501,1743,458
-622,2004,-749
-725,1786,-2388
-587,1722,-2788
-307,1851,-2382
-330,2292,-2450
-149,2425,-1989
-107,2205,-1798
-116,2525,-1295
-205,2984,-1338
-148,2550,-1332
-287,2654,-206
-351,3939,-727
-251,2566,-708
-115,1574,238
-31,1448,277
-95,1733,693
-34,1764,794
154,1011,562
308,616,151
246,889,491
226,1803,420
152,1631,48
290,1900,146
347,1807,173
475,1708,-74
479,1795,-76
520,2205,-215
590,1958,-117
622,1950,-25
638,2023,-126
639,2261,-164
553,2221,-46
597,2196,-73
642,2000,-99
636,2139,61
547,2135,9
641,1939,-9
624,1970,-72
601,2163,-98
563,2113,0
631,2009,-151
625,1850,-265
629,2142,-234
599,1982,-12
629,2056,-86
672,2070,-197
669,2070,-148
664,2103,-148
632,2013,-126


















-,-,-
259,2070,-380
274,2089,-379
262,2075,-382
276,2085,-382
260,2080,-383
239,2075,-364
280,2065,-358
289,2162,-339
270,2107,-392
255,2124,-397
257,2104,-376
269,2101,-301
248,2110,-379
279,2141,-347
246,2145,-319
258,2117,-296
252,2142,-309
263,2075,-351
273,2121,-414
259,2121,-362
270,2093,-379
271,2129,-377
257,2085,-376
256,2095,-344
241,2093,-335
245,2071,-348
251,2153,-338
236,2144,-380
262,2090,-336
235,2084,-331
266,2107,-347
244,2086,-364
263,2089,-376
269,2117,-360
263,2110,-360
267,2159,-380
260,2114,-393
269,2123,-336
262,2102,-344
255,2091,-298
287,2020,-244
269,2087,-262
270,2133,-291
262,2108,-262
249,2109,-280
280,2059,-270
276,2164,-317
287,2150,-303
264,2077,-311
259,2125,-279
272,2086,-307
275,2118,-269
270,2151,-263
265,2112,-284
274,2139,-284
281,2138,-305
277,2135,-293
270,2161,-286
287,2099,-315
254,2113,-241
238,2090,-288
242,2087,-269
270,2112,-303
272,2145,-321
272,2097,-272
253,2053,-290
260,2113,-314
277,2166,-287
236,2095,-254
253,2067,-256
305,2086,-263
300,2232,-268


















-,-,-
245,2124,-293
238,2114,-289
240,2099,-294
251,2142,-284
264,2187,-285
280,2101,-259
255,2184,-272
255,2094,-289
260,2107,-273
234,2159,-281
274,2148,-315
262,2102,-255
244,2112,-278
241,2076,-273
225,2117,-305
255,2129,-310
272,2202,-219
229,2040,-116
238,2097,475
320,2507,1256
308,2909,1783
236,2726,1853
31,2254,980
-136,2004,-425
-303,1834,-1343
-278,2096,-1638
-267,1815,-1756
-134,1752,-1859
-56,1916,-1962
-2,1822,-2156
87,2216,-2169
228,2338,-1890
344,2374,-1597
429,2423,-1403
492,2624,-969
398,2482,-1075
448,2486,-950
525,2084,-516
408,2062,-183
374,2130,288
437,1968,-70
559,1303,90
454,699,549
326,1692,747
271,1667,393
489,1576,257
696,1063,263
692,1257,235
632,1662,376
668,1902,198
822,1769,22
858,1651,-41
897,2033,-112
868,1995,-144
881,2086,-146
876,2125,-182
942,1884,-157
915,1975,-175
866,2027,-153
886,1984,-64
896,1939,-185
886,1902,-238
905,1989,-154
858,1908,-92
887,1936,-97
879,1900,-82
914,1857,-99
880,1970,-182
861,1950,-169
838,2007,-119
892,1858,-62
922,1810,-55


















-,-,-
262,2087,-256
238,2073,-262
238,2046,-250
252,2105,-263
235,2106,-321
277,2085,-319
241,2080,-266
262,2114,-314
274,2131,-300
290,2124,-284
267,2135,-317
265,2122,-284
258,2149,-258
259,2128,-271
264,2096,-314
255,2113,-232
255,2149,-254
274,2142,-239
270,2160,-256
254,2127,-248
263,2046,-280
256,2004,-315
235,2086,-263
211,2138,-255
224,2147,-234
255,2124,-219
255,2100,-221
242,2104,-208
251,2157,-305
267,2141,-315
265,2151,-246
262,2170,-300
235,2153,-213
200,2084,-106
222,2170,-40
222,2222,74
194,2242,434
265,2508,1033
265,2872,1409
220,3073,1516
171,2920,752
16,2433,167
-144,2213,-665
-108,1514,-1153
-169,1315,-1497
-155,1306,-2153
-118,1294,-2571
-28,2019,-2793
169,2294,-2894
375,2570,-2309
404,2588,-1096
392,2839,-741
424,2707,-518
426,2373,-493
360,2446,93
297,2641,146
353,2194,228
394,1658,88
296,1701,340
195,1893,38
252,1391,52
408,1481,101
538,1101,208
526,941,336
564,1373,395
595,1804,71
716,1749,243
833,1423,226
924,1581,115
920,1901,-132
911,2068,-90


















-,-,-
28,2185,-363
2,2154,-256
14,2118,-196
47,2152,-275
34,2186,-315
43,2124,-291
44,2119,-277
31,2142,-259
41,2166,-252
56,2084,-240
73,2120,-245
61,2154,-298
36,2175,-309
50,2155,-213
42,2117,-243
65,2176,-269
74,2174,-330
32,2073,-291
30,2130,-303
54,2157,-302
18,2159,-318
51,2134,-297
33,2144,-283
10,2157,-217
55,2165,-258
42,2156,-228
9,2153,-34
7,2201,177
-54,2189,599
-54,2558,932
-53,2689,1563
-226,2722,1418
-305,2425,1127
-412,2263,347
-483,2143,-519
-376,2021,-1436
-460,1747,-2129
-322,1928,-1982
-320,1945,-1955
-218,2151,-1730
-95,2188,-1690
-54,2036,-1758
178,2299,-1257
197,2833,-1215
298,2892,-1348
288,2993,-1348
164,3234,-782
18,2556,-444
88,2238,-417
57,1893,-260
-47,1820,228
61,1519,879
186,915,539
164,662,270
110,1131,347
172,1460,556
309,1688,321
437,1631,43
526,1746,222
570,1748,193
631,1762,251
588,1926,129
603,2036,-52
666,1956,44
716,1935,148
714,2079,-130
662,2151,-105
700,2054,59
772,2077,19
774,2166,-189
734,2124,-254


















-,-,-
-146,2207,-303
-115,2228,-166
-156,2151,-170
-142,2158,-164
-133,2158,-174
-167,2153,-248
-160,2117,-234
-144,2177,-187
-165,2126,-205
-144,2163,-221
-153,2198,-186
-157,2144,-200
-161,2019,-266
-141,2131,-260
-170,2215,-261
-194,2144,-193
-187,2135,-240
-168,2140,-233
-180,2218,-225
-194,2219,-77
-243,2050,76
-137,2265,510
-89,2607,1379
-249,2977,1206
-391,2781,1079
-534,2486,815
-557,2102,553
-606,2079,-146
-613,1612,-1644
-634,1493,-2367
-538,1537,-2498
-431,1732,-2208
-406,1578,-1915
-162,2016,-1912
-199,2272,-2029
-107,2123,-1669
-10,2194,-1728
122,2614,-1511
78,3002,-1958
66,2765,-1616
-104,2306,-764
-122,2336,-715
-67,2000,-437
-94,1634,-265
28,1357,575
47,648,650
-58,890,758
-67,1726,421
-10,1795,493
100,1659,281
350,1894,221
502,1917,10
498,1924,-138
559,1828,15
602,1833,142
664,1861,22
732,2066,-251
738,2070,-466
761,1939,-392
718,1955,-130
735,1939,19
713,2159,-225
698,2111,-354
724,1830,-429
702,1869,-26
705,2175,-72
693,2057,-94
702,1977,-113
731,2093,-88
720,2163,-179
713,2095,-251
726,2189,-245


















-,-,-
170,2267,187
169,2274,191
140,2298,106
158,2206,44
132,2086,-7
147,2086,-45
119,2039,-111
136,2067,-76
169,2082,-97
156,2181,37
157,2202,44
190,2212,87
182,2215,43
185,2182,47
154,2207,14
146,2117,22
147,2132,-40
166,2141,-19
175,2174,16
180,2205,1
158,2118,-62
168,2195,-49
157,2077,162
141,2145,816
117,2131,912
10,2139,1192
-52,2623,1465
-79,2390,891
-89,2333,322
-62,2256,-119
-89,2373,-376
-177,2202,-736
-217,2101,-1584
-80,1764,-2125
169,1858,-1392
164,1913,-1575
334,2263,-1549
407,2501,-1557
517,2425,-1390
694,2373,-1596
726,2576,-927
698,3321,-741
613,2937,-783
544,2476,-782
343,1935,362
129,2040,293
-103,1288,-254
-319,1447,384
-277,1628,549
77,859,671
189,890,556
314,1273,246
395,1346,412
442,1698,369
529,1715,190
606,2022,-40
660,2107,22
661,2206,198
661,2074,160
650,2076,-9
669,2196,-276
676,2227,-221
670,2134,55
660,2059,101
730,2000,-163
738,2066,-166
759,2000,-63
687,2063,12
639,2176,-31
622,2071,-105
674,1963,-183
719,1919,-123


















-,-,-
8,2135,0
81,2179,-306
127,2157,-256
102,2154,-194
112,2189,-114
81,2144,-223
111,2092,-208
95,2036,-181
81,2051,-151
79,2006,-226
85,2072,-216
86,2139,-268
115,2150,-191
124,2144,-228
147,2134,-196
133,2182,-227
118,2155,-180
126,2175,-152
132,2123,-108
116,2166,-129
100,2191,-156
122,2052,-247
124,2008,164
180,2152,914
98,2776,548
57,2540,343
-29,2127,596
-117,2216,2184
-389,3270,892
-995,2305,-2300
-657,1470,-2358
-474,1510,-3284
-137,1783,-2020
-253,1481,-1820
-169,2003,-1838
-193,2171,-1664
-44,2449,-1918
148,2160,-1715
168,2201,-1643
-1,3059,-1027
-312,3679,-5
-465,2784,122
-221,1745,664
-76,1670,987
20,1432,1048
214,844,211
427,1185,21
576,1276,-166
707,1696,-14
796,1564,-107
798,1696,-387
868,2081,-81
879,1833,94
971,1656,-51
979,1827,-213
978,2033,-179
984,1937,-78
983,1686,22
957,1751,-106
980,1894,-328
978,1851,-425
953,1887,-109
918,1722,-89
948,1644,-113
1007,1678,-293
1041,1816,-191
1010,2069,-139
1008,2086,-157
952,1898,-192
964,1867,-200
953,1990,-89
954,2075,21
915,1902,-146


















-,-,-
-79,2114,-186
-88,2178,-401
-59,2021,-541
-2,2100,-220
33,2047,-214
34,2168,-346
42,2202,-372
44,2154,-333
26,2173,-405
50,2070,-461
82,2141,-456
67,2118,-401
49,2173,-391
31,2148,-396
-65,2002,-206
-231,2094,1307
-515,3477,1596
-662,2887,1126
-810,2193,735
-969,1981,-779
-1038,1098,-2358
-653,1686,-2951
-577,859,-3732
-380,1882,-2915
-435,1932,-2458
-316,2155,-2264
-154,1953,-1905
-239,2155,-1382
-299,2901,-1541
-236,2969,-1074
-464,3267,-633
-661,3342,511
-616,3024,560
-390,1585,686
-10,317,1051
208,-18,350
427,601,423
512,1055,412
637,1249,297
769,1621,370
824,1554,512
914,1270,536
946,1545,140
971,2060,-13
1020,2373,241
1001,1738,595
967,1480,361
1041,1651,41
1061,1717,70
1018,1830,132
951,2248,331
967,1960,125
1053,1731,57
1065,1787,-66
1027,1995,39
1043,2040,233
1010,1873,115
999,1949,22
996,1952,90
969,1848,232
975,1795,421
921,1782,240
900,2038,58
1012,1858,36
1000,1837,230
988,1803,175
1011,1795,-28
1039,1863,-21
1064,1844,189
1012,1818,305
990,1896,204


















-,-,-
-397,2314,-126
-481,2537,-38
-421,2160,-75
-365,2310,105
-339,2172,314
-385,2006,-162
-313,2182,-633
-372,1867,-971
-468,1673,-1207
-597,1360,-2495
-462,1412,-2460
-354,1470,-1358
-569,1246,-2078
-439,1746,-2225
-417,1860,-2548
-320,2047,-2362
-309,2628,-1891
-315,2994,-1824
-344,3176,-1559
-630,3051,-1056
-657,3214,-815
-775,3114,362
-727,2472,612
-623,1464,464
-354,1710,1495
-340,-261,325
218,1315,374
266,541,230
404,970,269
460,1432,315
560,1924,159
760,1780,235
828,1647,344
847,1699,62
837,2132,108
833,1843,-99
880,2034,205
860,1773,-37
920,2044,-56
899,2004,-84
911,1985,-85
896,1896,-159
864,1952,125
828,1945,136
855,1881,106
861,1911,-39
872,2081,22
877,1896,-34
887,1865,45
873,1973,43
837,1903,-128
830,2187,9
846,1932,48
868,2029,115
880,1860,61
864,2006,-23
853,2043,-16
835,2095,28
870,1915,93
848,1821,-24
866,1952,-5
836,1930,-45
852,1944,46
852,1880,42
867,1897,83
834,1964,93
850,2000,5
874,1965,62
844,2047,-21
840,1935,100
848,1915,40
868,1938,-30


















-,-,-
-181,2182,-286
-193,2138,-366
-170,2083,-375
-191,2172,-325
-218,2197,-306
-194,2160,-252
-212,2150,-283
-214,2047,-245
-186,2191,-286
-203,2150,-399
-187,2184,-444
-218,2010,-712
-204,1726,-502
-356,2145,-139
-881,2360,404
-901,2915,1714
-981,2951,1798
-981,2910,316
-1211,2175,-507
-1577,991,-2495
-1414,1597,-3680
-548,780,-2607
-462,1078,-2082
-474,1756,-1345
-506,2134,-1101
-535,1847,-1202
-471,1515,-937
-493,1773,-791
-505,1998,-764
-466,2056,-1167
-404,2422,-1095
-406,2601,-847
-353,2294,-898
-460,2673,-1383
-452,3180,-1395
-381,3461,-1175
-381,3216,-1017
-445,3552,-657
-536,3113,-154
-368,1934,328
-153,1477,460
91,641,730
357,-387,602
507,75,292
642,886,322
674,1188,239
848,1496,330
859,1526,392
967,1748,243
1048,1701,173
1091,1786,243
1078,1809,235
1080,1937,176
1130,1816,117
1142,1844,101
1102,1837,115
1078,1871,197
1085,1781,129
1109,1742,158
1075,1755,89
1049,1631,140
983,1660,117
936,1563,85
904,1488,22
890,1386,94
773,1401,298
840,1308,29
904,1781,-6
1098,2293,-151
1175,2316,-90
1348,2127,-15
1254,1959,60


















-,-,-
-302,2000,-574
-298,2058,-385
-323,2101,-512
-236,2077,-501
-196,2247,-476
-160,2162,-173
-167,2117,-266
-214,2141,-394
-267,2186,-456
-228,2138,-505
-191,2093,-446
-178,2070,-466
-172,2060,-372
-221,2050,-465
-243,1993,-426
-222,2075,-403
-191,2084,-366
-172,2104,-359
-150,2065,-455
-155,2009,-583
-145,2134,-479
-189,2111,-118
-238,2210,-180
-159,2186,-431
-95,2242,-472
-89,2210,-271
-132,2129,-644
-84,2259,-576
-83,2080,-600
-97,2004,-639
-95,2021,-795
-187,1787,-467
-269,1855,130
-602,2287,983
-751,2644,1260
-969,2356,1095
-943,3869,409
-1381,2883,-417
-1723,1616,-1699
-1762,574,-3907
-996,595,-4113
-340,538,-2813
-496,818,-2564
-326,1823,-2382
-295,2189,-2086
-257,2452,-2290
-196,2505,-2275
-353,2714,-1918
-601,3147,-1115
-764,3449,-132
-957,2637,375
-681,1901,678
-336,1304,1657
-58,-237,1037
485,511,566
732,789,461
727,1253,536
710,1609,127
869,1909,109
968,1617,321
955,1502,293
980,1811,103
1014,1929,31
1036,1950,33
1036,1871,65
1034,1885,-98
1064,1809,25
1046,1641,188
1062,1588,122
1110,1724,-29
1087,2105,113
1072,2072,192


















-,-,-
-216,2166,-504
-210,2152,-505
-219,2127,-529
-198,2108,-506
-186,2140,-542
-208,2158,-503
-184,2065,-415
-201,2124,-408
-214,2014,-440
-199,2069,-442
-197,2123,-452
-198,2132,-394
-211,2020,-403
-211,2159,-448
-201,2073,-500
-177,2080,-430
-188,2107,-401
-171,2062,-458
-184,2099,-533
-177,2193,-540
-152,2148,-518
-178,2097,-562
-173,2063,-556
-210,1998,-201
-402,2083,385
-501,2817,674
-536,2634,749
-565,2643,984
-668,3058,1196
-1002,2355,555
-1583,2376,-1349
-1700,1183,-3547
-827,797,-2976
-461,733,-2462
-410,1478,-2256
-327,1179,-2026
-335,1713,-1937
-265,2129,-2152
-214,2044,-1914
-317,2640,-2146
-375,3495,-1935
-473,3742,-1606
-523,3203,-208
-340,2355,-414
-126,2758,-141
-107,2571,579
-125,1369,489
170,1091,574
308,561,706
364,652,562
472,828,493
592,1129,381
725,1124,169
821,1409,194
870,1607,120
959,1633,122
1029,1699,147
1032,1801,23
1105,2057,30
1107,1962,137
1078,2011,24
1085,2026,-12
1093,1963,-130
1139,1729,-47
1103,1816,119
1081,1922,-14
1064,2004,-185
1060,1941,-182
1048,1815,-48
1029,1776,139
994,1809,-5
991,1786,-143
