-,-,-
-248,-383,2091
-17,-212,2185
41,-238,2187
51,-215,2166
27,-211,2104
3,-211,2186
11,-221,2164
-18,-228,2201
47,-229,2184
19,-204,2181
13,-194,2146
102,-189,2173
93,-188,2145
163,-156,2209
290,-141,2360
496,-215,2483
807,-224,2433
1358,-214,2044
1230,-210,2063
1335,-316,2048
1232,-475,1931
656,-466,1920
-307,-471,2338
23,-481,2151
-159,-531,1819
-937,-674,2398
-668,-636,1946
-1238,-587,1992
-1428,-419,1876
-1540,-410,1986
-1718,-480,2290
-1755,-428,2433
-1620,-313,2552
-1466,-276,2677
-1232,-216,2919
-1106,-209,2964
-1021,-283,2996
-1028,-307,2807
-797,-195,2414
-435,-47,2030
-163,-288,2413
186,-267,2442
187,37,1645
409,-98,1660
1008,-90,1574
713,91,1162
777,49,1595
623,152,1666
557,334,1600
229,447,1648
-134,548,1879
-279,661,1826
-319,708,1797
-352,740,1844
-402,720,1908
-358,684,1950
-490,654,2000
-435,593,2103
-309,624,1914
-388,586,1892
-398,582,1985
-334,614,1904
-284,586,1926
-368,588,1966
-396,537,2108
-339,576,2005
-357,563,2014
-373,579,2004
-413,554,2119
-308,541,2058
-341,492,2033
-438,521,2069
-274,540,1965
-326,538,2012


















-,-,-
-198,-232,2199
-201,-240,2182
-151,-249,2148
-78,-241,2151
20,-208,2114
127,-235,2133
348,-232,2138
831,-237,2211
1142,-186,2156
952,-172,2469
1032,-271,2549
1253,-344,2278
411,-514,2445
412,-651,2330
470,-760,1800
-618,-864,2003
-651,-858,1604
-1424,-907,1595
-1861,-902,1742
-1565,-807,1547
-1947,-780,1644
-2104,-694,1700
-1908,-646,1762
-1841,-664,1912
-1941,-640,2216
-1726,-530,2321
-1685,-612,2770
-1483,-661,3104
-1261,-625,2875
-909,-719,2832
-650,-622,2496
-568,-460,2216
-194,-441,1967
71,-468,2081
397,-239,1633
661,-135,1637
741,63,1509
642,229,1382
594,280,1493
272,342,1555
147,410,1740
-6,460,1695
-433,472,1937
-467,490,2027
-308,505,1881
-424,501,1948
-458,483,2000
-370,517,1885
-485,455,2005
-498,437,2052
-568,469,1941
-570,499,1978
-565,443,1979
-527,453,2030
-536,478,1975
-529,472,2015
-506,478,1952
-494,496,1973
-480,446,2049
-454,458,1962
-598,445,2027
-576,464,2052
-464,479,1954
-543,458,2010
-524,444,2079
-569,445,2022
-562,430,2050
-605,455,2039
-567,460,1988
-519,465,1986
-464,437,2021
-406,431,1955
-430,483,1978
-510,487,1993
-553,469,2016


















-,-,-
-117,-358,2158
-51,-382,2186
-46,-357,2158
-29,-386,2194
20,-412,2276
195,-337,2162
394,-233,2224
792,-209,2232
958,-200,2395
1350,-338,2333
1344,-409,2208
701,-552,2367
453,-591,2167
-99,-626,2059
-87,-786,1856
-531,-855,1715
-984,-950,1903
-1155,-894,1531
-1781,-803,1590
-1860,-834,1866
-1790,-714,1527
-1862,-714,1780
-1652,-619,1750
-1647,-676,1969
-1609,-623,2123
-1592,-581,2424
-1512,-637,2831
-1310,-587,2984
-1118,-549,2947
-1282,-577,2897
-1277,-388,2236
-956,-242,1738
-714,-86,1461
-325,28,1454
-203,14,1530
126,4,1470
494,-130,1864
570,-128,1871
608,73,1858
252,346,1508
33,420,1512
5,350,1695
-150,386,1760
-201,443,1728
-576,433,1921
-821,384,2191
-689,385,2080
-603,437,1976
-624,435,2029
-650,372,2268
-474,395,2000
-561,356,1972
-601,314,2087
-552,341,2020
-437,369,1915
-608,337,2047
-667,325,2088
-536,350,1973
-515,332,2026
-572,314,2093
-587,319,2020
-479,351,2023
-511,324,2103
-564,385,2049
-604,357,2105
-555,336,2125
-452,342,1992
-506,347,1976
-519,311,2058
-515,329,2030
-533,323,1929
-541,366,2061
-527,353,1957
-515,396,1996
-454,378,2010


















-,-,-
38,-257,2168
14,-265,2213
80,-301,2250
247,-341,2309
323,-348,2394
396,-306,2347
486,-173,2208
685,-165,2500
673,-150,2453
841,-224,2158
1557,-342,1690
1301,-424,1544
429,-483,1934
-338,-559,2179
-505,-494,1906
-1076,-413,1961
-1462,-436,1734
-1810,-487,2094
-1747,-519,2007
-1918,-639,2556
-1808,-587,2606
-1664,-459,2579
-1762,-405,2914
-1559,-587,3268
-1344,-535,3096
-1093,-415,2725
-1149,-340,2629
-783,-155,2452
-898,31,2124
-578,210,1673
76,169,1499
259,11,1186
1190,-78,1428
1504,77,1103
776,527,579
706,376,1419
412,502,1295
127,451,1639
18,430,1985
129,524,1912
-230,601,1936
-277,583,2097
-475,602,2140
-382,597,2046
-501,566,2063
-509,538,2232
-382,503,2140
-384,561,2033
-409,593,2043
-405,568,1936
-382,586,1941
-453,577,1954
-313,590,1904
-282,562,1864
-330,558,2001
-386,546,2059
-337,552,1982
-382,513,2047
-302,556,1984
-409,539,2032
-422,506,2096
-405,515,1993
-280,430,1960
-255,493,1817
-380,412,1900
-311,429,1831
-195,301,1757
-319,336,1623
-108,447,1448
-191,467,1411
-84,343,1577
-208,329,1601
-364,329,1948
-153,137,2024
-418,61,2077


















-,-,-
-15,-277,2085
141,-287,2052
186,-278,2195
449,-283,2276
998,-335,2248
802,-368,2486
514,-364,2576
889,-361,2193
892,-308,1847
287,-398,2336
294,-390,2029
130,-494,1905
-232,-647,2003
-758,-653,2011
-1178,-720,2070
-1598,-643,1960
-1637,-626,2096
-1658,-688,2337
-1441,-674,2537
-1262,-667,2799
-1480,-666,3115
-1107,-531,3288
-996,-427,2924
-890,-457,3017
-307,-171,2621
-491,19,2253
-223,-14,2316
-48,-188,2216
254,-309,2131
571,-114,1466
794,38,1284
868,241,721
944,74,1331
689,196,1713
239,286,1668
273,396,1718
161,547,1520
-353,615,1821
-238,647,1891
-227,627,1792
-211,611,1819
-251,559,2162
-279,583,1947
-370,502,2059
-267,531,2097
-184,489,2137
-385,537,2066
-328,534,2067
-224,493,2141
-225,461,2086
-314,478,2149
-240,505,2060
-187,468,1952
-323,446,2015
-220,527,2021
-212,492,2023
-319,461,2165
-327,489,2131
-333,489,2158
-229,474,1975
-255,465,2131
-143,466,2033
-277,469,2065
-298,476,2090
-236,459,2090
-173,470,2024
-240,436,2066
-281,463,2073
-202,443,2037
-307,450,2100
-306,457,2093
-217,463,2090
-155,455,2097
-202,453,1958
-238,465,2130


















-,-,-
-54,-342,2178
-26,-357,2144
54,-334,2046
265,-316,2043
468,-298,2083
606,-454,2347
1163,-481,2176
1334,-424,2111
964,-477,2351
750,-482,2290
528,-500,2182
291,-504,2119
-9,-546,2016
256,-705,1728
-950,-762,2121
-1442,-778,2162
-1672,-712,1895
-1633,-771,2076
-1478,-807,2096
-1292,-815,2046
-1229,-714,2137
-1470,-728,2813
-1452,-559,2996
-1042,-482,3107
-757,-662,3659
-570,-670,3323
-237,-574,3091
-202,-343,2567
-241,-273,2202
122,-51,1421
153,12,930
772,-221,1360
888,-60,1159
941,22,1278
817,36,1311
625,211,1399
306,184,1722
327,327,1634
181,301,1725
-24,300,1924
150,455,1911
-83,457,2074
-254,420,2277
-237,479,2187
-349,417,2221
-214,377,2222
-141,390,2075
-188,315,2185
-148,355,2091
-112,328,1898
-236,314,2147
-123,405,2021
-254,336,2197
-258,342,2180
-201,337,2204
-137,343,2141
-151,334,2123
-106,335,2060
-78,361,2033
-89,354,1973
-201,318,2198
-137,326,2052
-166,312,2147
-140,301,2182
-203,345,2105
-179,302,2162
-89,329,2058
-205,320,2093
-145,329,2107
-183,259,2122
-232,238,2201
-238,268,2198
-244,298,2127
-113,287,2140


















-,-,-
-99,-427,2132
-81,-421,2080
34,-409,2132
92,-360,2204
362,-302,2104
817,-327,2198
778,-406,2401
961,-383,2333
1288,-447,2002
1021,-466,1762
455,-416,1893
114,-498,2019
16,-586,1904
-401,-675,2196
-590,-737,2175
-786,-698,1990
-891,-658,2120
-699,-657,2025
-926,-590,2337
-1113,-580,2510
-1268,-475,2722
-1036,-453,2801
-1236,-672,3323
-996,-682,3112
-804,-587,2820
-417,-509,2683
-614,-410,2887
-271,-299,2516
-37,-158,2142
191,-104,2351
400,-80,1864
827,-315,2045
995,-110,1390
913,0,1281
894,193,1038
895,232,1098
823,396,1219
393,347,1527
39,279,1974
237,440,1792
190,557,1736
-116,539,1988
-101,536,2084
-97,555,2034
-157,552,2083
-374,539,2159
-225,548,2041
-95,526,2010
-165,464,2125
-129,459,2135
-79,518,1986
-112,542,2040
-67,545,1995
-41,504,2084
-69,468,2103
-82,500,2070
-70,516,2049
-116,534,2098
-148,487,2082
-9,472,2116
-70,504,2034
-166,492,2128
-176,476,2090
-77,503,2060
-55,470,2031
-227,461,2199
-80,495,2051
-62,496,1991
-141,489,2065
-147,454,2079
-154,497,2047
-119,472,2012
-167,465,2027
-97,491,2053
-138,500,2089


















-,-,-
68,-390,2051
30,-433,2155
92,-414,2085
298,-353,2046
713,-432,2155
1052,-569,2406
653,-430,2478
696,-379,2346
1072,-376,2163
745,-434,2075
429,-601,2158
240,-644,2027
25,-706,1833
-508,-751,1962
-602,-786,1876
-857,-732,1754
-1406,-853,2365
-1519,-756,2402
-1393,-751,2490
-1248,-643,2461
-1126,-672,2746
-879,-679,3000
-1034,-730,3347
-651,-731,3292
-454,-611,2826
-509,-580,2539
-437,-621,2973
-185,-259,1972
-74,-120,1811
172,-24,1524
224,-15,1523
688,146,1293
833,17,1343
861,39,1368
772,206,1386
778,284,1290
664,346,1523
444,472,1511
151,447,1797
28,502,1937
132,484,1931
-14,472,2125
47,492,2143
-96,438,2152
-42,472,2113
-90,448,2141
-152,435,2136
-66,447,2105
47,408,2028
-106,374,2244
-64,418,2121
-41,451,2079
-81,422,2170
-28,402,2140
-30,434,2079
-35,439,2078
-66,448,2047
-42,434,2178
-8,438,2078
-42,396,2047
-6,415,2046
-2,439,1966
-121,462,1932
-205,425,2086
-193,370,2159
-62,359,2111
-32,380,2110
-119,370,2229
-51,458,2178
-8,412,2128
-134,339,2245
-38,395,2160
-79,428,2009
-165,387,1968
-48,358,1948


















-,-,-
58,-315,2188
38,-309,2136
40,-307,2106
78,-318,2110
87,-339,2111
164,-329,2091
88,-347,2245
211,-290,2185
621,-274,2219
794,-296,2324
862,-235,2309
1130,-354,2337
1063,-380,2223
733,-475,2245
576,-476,2046
154,-558,2153
321,-696,1959
-114,-754,1883
-839,-725,2030
-564,-738,2009
-1014,-712,2042
-1395,-664,2201
-1289,-515,1968
-1284,-511,2170
-1259,-566,2452
-1045,-616,2702
-1128,-723,3130
-883,-730,3329
-601,-427,3172
-420,-374,2916
-136,-450,2753
-94,-488,2811
-292,-333,2280
-92,-247,2001
-52,-256,2131
179,-202,1743
678,-126,1516
1281,137,1028
1302,418,603
1114,353,863
989,264,1409
547,401,1368
383,314,1918
179,420,2137
134,615,1774
-38,593,1898
-49,559,2057
-63,534,2056
-141,496,1991
-184,468,2146
-52,470,2100
-70,449,2138
-13,453,2078
-136,476,2151
-35,458,2052
-10,451,2078
-92,407,2222
-46,458,2085
54,443,2077
15,456,2033
-51,454,2090
-19,450,2224
23,435,2135
98,444,2033
37,448,2079
-113,412,2195
-31,475,2090
32,416,2017
-81,392,2128
-87,434,2141
7,464,2122
19,396,2149
34,403,2115
69,434,2088
-6,429,2052


















-,-,-
52,-422,2154
168,-428,2137
207,-436,2290
361,-385,2297
735,-371,2173
738,-429,2489
1177,-435,2210
1485,-358,1693
998,-483,1985
837,-569,1925
670,-691,1929
384,-752,1830
-148,-841,2073
-683,-832,2053
-1251,-761,2187
-1353,-708,2067
-1605,-750,2358
-1530,-736,2370
-1391,-730,2448
-1140,-654,2522
-1230,-668,3136
-879,-575,3298
-712,-500,3160
-368,-537,2966
-180,-605,3107
-75,-405,2532
168,-326,2076
500,-536,2502
678,-326,1956
617,-183,1663
667,1,1339
881,151,1071
556,120,1364
753,217,1149
743,204,1437
336,294,1669
344,382,1682
230,458,1739
68,523,1770
-147,501,2058
-29,554,1926
-86,534,2014
49,497,2018
4,422,2186
23,418,2150
82,398,2137
72,445,2039
62,429,2063
79,475,2086
104,467,1990
-18,426,2124
35,395,2185
123,413,2131
76,400,2128
-37,367,2228
39,436,2191
122,443,2087
7,374,2133
45,390,2085
119,416,2042
-67,415,2097
-38,415,2137
73,402,2135
120,360,2097
-4,391,2198
-66,397,2252
48,388,2108
147,396,2089
69,412,2091
-10,413,2067
-24,403,2095
9,437,2042
55,412,2020
-68,354,2182
105,378,2160


















-,-,-
12,-348,2155
-6,-346,2131
-6,-345,2145
6,-370,2198
91,-360,2110
293,-332,2056
239,-329,2204
387,-273,2283
806,-274,2181
924,-300,2245
706,-266,2329
692,-235,2108
817,-343,2040
902,-416,1815
243,-527,2184
443,-609,1702
-253,-667,1942
-597,-762,2298
-521,-665,1869
-864,-702,2094
-743,-673,2087
-1035,-640,2206
-1013,-591,2290
-700,-619,2379
-829,-702,2692
-826,-633,2729
-568,-591,2881
-464,-709,3273
-412,-650,3371
-284,-520,3090
-67,-475,2817
-164,-535,3026
-10,-334,2647
101,-114,2097
147,-11,1767
236,-98,1960
123,-126,1811
402,-92,1718
652,275,1019
262,360,1032
549,277,1291
574,479,1048
464,524,1250
355,464,1651
309,595,1568
214,662,1775
118,696,1791
36,669,2016
29,653,2040
1,618,2074
16,606,2119
-50,586,2079
-39,531,2128
57,545,2053
-43,573,2020
-149,530,2141
-63,518,2066
-109,537,2046
-103,559,2038
-103,483,2158
-74,491,2057
-54,548,2000
-60,542,2069
-112,502,2114
-86,503,2120
-70,541,2051
-98,510,2101
-61,496,2064
-84,468,2115
-50,534,2066
-99,505,2085
-73,458,2067
-69,489,2008
-116,506,2030
-181,468,2073


















-,-,-
-27,-425,2157
-86,-414,2151
-14,-393,2133
-67,-377,2162
25,-383,2198
100,-371,2096
210,-332,2052
184,-307,2144
490,-294,2118
850,-263,2045
954,-300,2121
1053,-340,2238
998,-368,2162
1476,-556,1866
840,-678,2043
412,-767,2207
623,-892,1809
-208,-996,2158
-332,-978,2240
-594,-921,1830
-1351,-961,2606
-1004,-836,2156
-1253,-821,2340
-1115,-846,2588
-951,-821,2614
-678,-748,2699
-369,-775,3078
-34,-773,3376
98,-576,2863
142,-544,3239
-155,-368,2659
-153,-339,2391
15,-305,1926
-56,-210,1889
36,85,1398
512,9,1192
906,79,1072
839,185,1244
1088,280,986
825,302,1270
500,441,1407
245,380,1712
131,450,1831
-132,544,1854
-114,546,1906
-73,482,2114
-67,461,2206
-80,478,2154
-81,476,2077
-127,426,2198
-71,425,2084
-138,412,2149
-127,374,2122
-160,356,2245
-21,387,2006
-20,383,2095
-99,393,2064
-161,365,2126
-154,339,2160
-113,316,2178
-116,356,2141
-65,375,2086
-123,364,2142
-38,367,2098
-87,391,2139
-51,420,2043
-45,363,2171
14,357,2130
-49,378,2030
-153,342,2101
-110,367,2097
-138,348,2065
-139,341,2131
-114,383,2044


















-,-,-
-62,-341,2111
-64,-338,2159
-62,-351,2096
-95,-352,2151
13,-388,2091
-8,-309,2095
-114,-351,2162
77,-356,2185
176,-316,2128
73,-365,2279
266,-287,2230
609,-231,2126
1155,-319,1927
714,-328,2208
625,-339,2278
1133,-470,2013
985,-599,1810
376,-676,2109
204,-774,2118
251,-860,1732
-768,-839,2214
-808,-830,2169
-1396,-761,2243
-1664,-707,2445
-1239,-683,2240
-1167,-699,2278
-1122,-761,2528
-1076,-764,2948
-757,-762,3587
-698,-592,3427
-472,-670,3358
-162,-621,3163
18,-440,2467
275,-412,2125
258,-128,1578
467,-109,1156
806,-277,1928
879,-27,1426
674,235,1054
589,331,1161
624,227,1392
452,246,1483
174,232,1781
86,329,1814
98,424,1773
75,468,1857
-17,507,1904
33,493,2029
65,458,2039
-79,458,2176
-10,418,2202
-89,404,2185
-101,404,2201
1,426,2105
-72,374,2077
-48,391,2101
-25,377,2082
-118,403,2055
-188,312,2302
-78,382,2096
-121,402,2047
-215,311,2259
-104,353,2104
-70,392,2004
-129,382,2000
-163,380,2136
-8,413,2013
-93,392,1978
-171,329,2219
-182,340,2246
-151,356,2172
-162,362,2140
-112,304,2158
79,358,1943
-63,360,1952


















-,-,-
-17,-322,2186
129,-315,2101
269,-323,2101
917,-386,2000
931,-318,1850
456,-210,2052
738,-221,1955
1402,-322,1736
592,-457,2262
479,-642,2487
874,-757,2157
-70,-828,2413
-225,-854,2305
-341,-928,1927
-973,-832,2094
-1004,-758,2046
-1304,-770,2100
-1109,-702,1958
-830,-723,2157
-819,-821,2371
-815,-780,2559
-778,-717,2752
-731,-791,3290
-557,-810,3334
-249,-831,3337
-28,-625,3160
212,-485,2928
164,-412,2928
207,-264,2692
99,31,1858
-258,-44,2111
336,-209,1584
499,-223,1352
849,-48,1095
1032,133,694
1098,245,800
974,382,859
553,448,1215
314,590,1277
278,579,1649
237,634,1684
157,696,1844
38,664,1913
14,637,2137
28,594,2188
37,570,2080
-135,479,2226
-165,464,2245
38,525,1955
-37,455,2058
-136,348,2350
-24,399,2138
-22,463,2016
-155,409,2191
-137,370,2293
-1,458,2025
1,395,2064
-85,407,2174
-91,442,2071
31,480,1999
10,445,2064
-61,395,2120
-87,443,2117
29,455,2033
-5,447,2090
-45,448,2102
-26,433,2054
94,434,1909
-14,392,1884
-87,390,1891
-156,326,1913
57,362,1689
112,405,1712
-74,174,1952
-80,130,2026


















-,-,-
-88,-392,2113
-69,-379,2040
-74,-389,2091
-46,-419,2138
79,-426,2151
139,-365,2046
60,-396,2205
258,-318,2148
742,-306,2185
1384,-452,2014
1433,-591,2209
883,-559,2185
764,-399,2121
1093,-357,1655
299,-357,1723
-119,-678,2558
472,-819,2104
176,-1016,2133
-608,-1005,2547
-535,-859,2029
-810,-762,2046
-794,-741,2238
-557,-778,2032
-824,-782,2437
-719,-726,2503
-651,-773,2888
-628,-932,3382
-418,-959,3911
38,-646,3224
49,-531,2971
-298,-616,3293
-23,-390,2465
-112,-175,1937
193,-215,1888
333,-405,2164
568,-221,1504
916,157,668
1006,141,673
882,162,1278
714,314,1183
580,237,1346
466,233,1921
273,394,1568
94,438,1890
154,535,1775
63,513,2009
52,435,2181
-16,418,2187
-58,436,2195
10,370,2207
-110,340,2382
-22,336,2236
-62,336,2261
45,405,2039
-132,405,2034
-179,377,2162
5,382,2037
-102,361,2043
-91,348,2107
-81,361,2012
-113,326,2144
74,393,2028
10,319,2151
-117,326,2215
-138,360,2249
-88,335,2218
-50,314,2187
-135,349,2128
-95,337,2062
-25,380,1962
-81,353,1967
-126,313,2114
-62,280,2188
-46,340,2027
-92,323,2212


















-,-,-
-62,-295,2118
-71,-315,2117
-59,-311,2057
-31,-379,2159
31,-358,2148
468,-322,2005
746,-315,1932
914,-325,2010
583,-388,2493
920,-357,2260
1757,-485,1989
1120,-704,2152
355,-809,2307
212,-840,2138
-489,-853,2225
-932,-827,2395
-907,-808,1929
-1353,-825,2210
-1113,-775,1892
-1446,-720,1970
-1131,-610,2041
-732,-662,2136
-626,-763,2507
-498,-651,2603
-564,-626,2878
-475,-689,3128
-787,-721,3242
-757,-557,2793
-252,-486,2539
-224,-604,2868
-90,-437,2634
302,-424,2343
499,-434,2297
536,-327,2166
485,-166,1662
489,211,1115
729,335,609
760,214,1165
483,325,1291
541,340,1384
549,272,1621
244,257,2015
226,418,1758
133,455,1900
-121,561,1991
-74,444,2091
34,412,2090
-64,394,2234
-212,365,2237
-134,401,2106
-67,415,2088
-145,339,2151
-202,307,2211
-70,372,2091
-80,389,2039
-152,381,2096
-166,349,2100
-17,387,1958
-62,354,1976
-128,330,2202
-154,322,2235
-86,335,2199
-86,351,2181
-144,314,2195
-103,318,2158
-5,391,1998
-125,354,2018
-218,311,2209
-30,350,2112
20,354,2005
-161,281,2158
-88,306,2089
-92,332,1993
-158,342,2062


















-,-,-
-119,-355,2165
-119,-323,2161
-89,-308,2079
-141,-346,2125
-121,-322,2160
-85,-305,2044
-62,-293,2065
12,-318,2113
87,-290,2069
456,-285,2002
1142,-415,2114
1076,-415,2130
866,-365,2177
607,-423,2237
712,-595,2347
844,-763,2029
389,-891,2062
-48,-911,2026
-313,-964,2086
-986,-873,1985
-1521,-812,2374
-1060,-717,1919
-1166,-855,2214
-1018,-808,2072
-787,-755,2174
-850,-691,2275
-766,-679,2459
-672,-712,2662
-771,-740,2910
-671,-645,2695
-602,-648,2812
-647,-704,3137
-394,-657,2948
-124,-547,2580
-415,-535,2688
-200,-432,2204
165,-233,1543
272,-246,1407
692,-357,1964
859,-78,1479
835,173,1152
741,140,1395
389,241,1688
271,378,1357
240,350,1662
91,513,1722
-240,552,1646
-348,597,1904
-313,537,2050
-221,523,1912
-339,504,2069
-269,502,2043
-206,510,1983
-208,451,2137
-226,421,2185
-272,437,2113
-305,430,2102
-227,394,2179
-172,399,2040
-259,415,2020
-334,465,2097
-307,487,2035
-303,450,2067
-237,415,2052
-223,427,2125
-227,416,2056
-287,416,2056
-247,444,2110
-159,412,2070
-238,389,2121
-262,380,2121
-219,346,2048
-244,379,2075
-238,400,2018
-223,417,2025


















-,-,-
-159,-369,2172
-160,-359,2134
-158,-351,2093
-211,-323,2141
-203,-332,2186
-81,-397,2141
-93,-339,2105
41,-363,2060
255,-356,2035
672,-407,1978
961,-462,1917
924,-543,1994
225,-532,2418
592,-494,2236
688,-468,1764
-346,-696,2417
-474,-804,2438
-618,-911,2265
-541,-782,2048
-608,-800,1971
-1046,-782,2210
-1060,-656,2058
-1353,-700,2376
-1163,-667,2513
-985,-724,2675
-902,-731,3054
-985,-581,3239
-696,-538,3256
-404,-573,3086
-183,-476,2858
-177,-475,2734
-125,-337,2167
239,-221,1822
272,82,1217
357,1,1438
654,196,1067
871,203,932
813,117,1260
702,192,1544
453,347,1485
173,362,1752
102,412,1913
-43,521,1824
-21,520,1836
-30,502,1912
-123,473,2167
-71,489,2141
-128,468,2094
-196,439,2216
-156,439,2110
-30,383,2121
-183,423,2119
-260,433,2119
-188,445,2090
-242,405,2137
-230,430,2096
-207,405,2101
-115,399,2078
-117,375,2148
-173,380,2104
-191,414,2024
-171,433,2119
-184,414,2057
-226,359,2246
-150,428,2008
-226,450,2016
-263,395,2178
-167,402,2087
-72,389,2033
-202,389,2146
-241,366,2166
-142,385,2146
-99,431,1970
-143,405,2079
-199,386,2139


















-,-,-
-138,-366,2161
-73,-382,2213
-28,-343,2088
-16,-266,1972
190,-305,2084
402,-461,2348
632,-565,2245
714,-582,2201
1324,-569,1801
1556,-788,1851
355,-605,1972
102,-549,2083
244,-724,2163
-494,-724,2543
-568,-803,2471
-415,-775,1955
-1070,-704,2224
-939,-674,2018
-1271,-634,2119
-1133,-577,2045
-1170,-611,2248
-1069,-680,2433
-761,-692,2716
-665,-692,2816
-573,-511,3173
-562,-575,3163
-339,-688,3302
136,-657,2862
16,-442,2405
461,-504,2236
601,-659,2700
657,-229,1761
425,162,1460
573,274,1039
870,193,741
1021,82,1042
997,14,1491
668,266,1353
319,372,1554
220,372,1775
305,405,1879
133,500,1844
124,482,1948
-18,414,2227
96,457,2041
-20,462,2131
-177,409,2341
21,430,2181
-28,507,1960
-147,402,2134
39,416,2063
87,398,2035
-163,398,2113
-67,423,2155
-83,422,2046
34,342,2200
-221,473,2138
-77,419,2033
19,403,2070
-56,353,2175
-99,397,2147
-87,419,2070
-21,375,2131
62,358,2054
-16,380,2071
-16,412,2016
-35,414,1996
-113,420,1955
-59,370,1989
17,330,1801
55,291,1845
112,314,1711
110,228,1703
-110,141,1874


















-,-,-
6,-307,2146
36,-311,2182
54,-291,2122
8,-298,2161
11,-313,2186
32,-296,2129
46,-337,2210
33,-315,2094
57,-305,2125
180,-310,2143
400,-338,2288
607,-332,2152
946,-323,1923
815,-344,2088
386,-417,2360
689,-416,2271
860,-485,2048
850,-621,2068
896,-717,2060
675,-780,1925
137,-792,2148
-687,-726,2292
-942,-615,2115
-1042,-534,1864
-1326,-662,2418
-913,-636,2121
-1113,-723,2438
-968,-747,2542
-836,-848,2627
-657,-726,2909
-350,-593,3222
-439,-424,3238
-132,-412,3069
-146,-430,3093
-373,-357,2750
-298,-190,2202
-224,22,1603
130,-51,1729
379,-50,1524
697,30,1257
706,252,1183
936,241,711
1056,-93,1760
722,97,1688
557,172,1714
431,202,1859
369,383,1904
212,398,1892
61,403,1969
116,468,2097
69,413,2058
-97,372,2173
-33,365,2164
-49,350,2099
-23,396,1984
-63,370,2098
-65,345,2067
15,378,2072
-66,384,2088
-78,372,2172
-44,371,2071
-92,316,2244
-12,362,2128
-106,360,2163
-36,360,2093
-48,374,2051
-133,348,2167
-63,310,2121
5,296,2127
-63,336,2111
-74,330,2166
44,292,2064
115,289,2050
13,328,2029
-150,310,2164


















-,-,-
-160,-446,2094
-119,-462,2063
-192,-426,2082
-156,-451,2156
-122,-465,2129
-195,-388,2023
-110,-468,2117
-148,-488,2139
-160,-430,2067
-183,-474,2172
-57,-447,2078
-259,-436,2077
-143,-436,2043
169,-514,2120
208,-542,2260
442,-497,2384
1006,-542,2203
896,-581,2299
1256,-686,2071
821,-689,1997
694,-721,1742
171,-828,1996
-291,-810,2187
-317,-845,2170
-902,-780,2284
-743,-777,1952
-1112,-734,1894
-1630,-637,2137
-1526,-596,2117
-1434,-580,2161
-1214,-599,2105
-942,-566,2227
-751,-634,2645
-851,-552,2804
-761,-551,3120
-603,-504,3129
-361,-480,3027
-506,-520,2978
-309,-497,2569
-286,-444,2156
-42,-384,1641
177,-167,1426
581,-90,1175
844,-259,1536
1014,-204,1441
809,1,1434
762,7,1588
515,2,1938
268,252,1770
91,370,1688
76,371,1935
37,387,1867
-30,363,1992
-67,370,2041
-168,329,2113
-92,324,2061
-158,342,2014
-188,253,2264
-243,311,2174
-152,270,2169
-65,284,2022
-236,246,2100
-221,249,2143
-198,284,2044
-176,267,1978
-160,246,1999
-185,257,2035
-201,221,2075
-103,186,1974
-41,125,1851
-103,120,1973
-17,145,1709
211,111,1413
-85,64,1576
-220,75,1491


















-,-,-
49,-524,2135
79,-506,2047
26,-521,2100
35,-510,2073
58,-542,2121
84,-524,2098
68,-500,2080
43,-487,1998
38,-495,2082
20,-567,2212
12,-525,2080
-8,-494,2124
372,-532,2218
321,-472,2202
515,-540,2405
1034,-501,2139
1663,-650,1944
1589,-745,1888
1205,-817,1925
714,-918,1806
24,-856,1945
-398,-799,2078
-399,-824,2055
-555,-849,1945
-604,-926,1911
-1150,-869,2212
-1127,-810,2205
-986,-679,2286
-1121,-685,2471
-940,-720,2668
-843,-771,2931
-699,-817,3192
-720,-766,3400
-580,-583,2965
-526,-812,3137
-294,-832,3017
-17,-771,2615
90,-546,2176
415,-204,1476
502,-97,1770
772,150,987
1002,204,920
988,197,951
735,213,1327
665,444,1180
227,439,1511
109,367,1899
47,383,1958
-67,453,2014
-171,573,1997
-185,577,1995
-102,517,2107
-177,450,2182
-172,400,2229
25,449,2082
-40,458,2029
-285,427,2240
-222,485,2000
-185,406,2151
-240,436,2022
-252,392,2193
-191,448,2019
-149,431,2096
-137,394,2059
-352,414,2192
-194,423,2088
-146,398,2082
-156,367,2114
-181,428,2073
-242,439,1902
-185,387,2074
-201,396,1931
-431,316,1946
-342,333,1887


















-,-,-
-20,-412,2160
24,-416,2121
-40,-398,2144
-47,-382,2088
-18,-413,2108
-50,-419,2124
32,-410,2102
82,-393,2081
-23,-373,2121
-69,-395,2150
-20,-390,2136
-12,-396,2094
-155,-354,1997
-172,-425,1990
117,-534,2264
198,-500,2241
206,-381,2318
174,-378,2649
671,-333,2636
1387,-517,2449
1730,-616,1854
1484,-632,1412
1109,-723,1509
927,-816,1551
-130,-845,2020
-497,-942,2477
-541,-1007,2278
-1321,-944,2581
-1364,-859,2241
-1316,-801,2031
-1105,-771,1776
-847,-756,1781
-968,-685,1807
-925,-645,1924
-803,-657,2118
-1005,-886,2746
-1145,-962,3307
-967,-1040,3450
-825,-926,3248
-556,-697,3184
-301,-463,2682
-122,-428,2170
152,-553,2595
155,-225,1927
283,116,1152
628,191,1044
815,130,1341
1022,73,1314
847,249,1153
517,326,1269
316,382,1480
358,459,1492
205,451,1731
-14,563,1940
118,551,2008
112,452,2152
-236,383,2391
-309,387,2333
-158,410,2297
-88,433,2099
-114,401,2119
-231,456,2138
-95,465,1944
-151,436,1995
-179,357,2125
-283,385,2105
-146,367,2166
-20,344,2083
-148,335,2128
-181,346,2149
-195,395,2067
-179,386,2015
-128,326,2074
-40,368,1925
-206,369,2020


















-,-,-
-77,-455,2162
-47,-417,2101
-39,-445,2125
5,-480,2185
-24,-481,2208
44,-438,2151
1,-409,2110
-80,-386,2196
318,-430,2206
525,-482,2175
821,-469,2070
1075,-461,1917
1002,-417,2107
1380,-574,1998
1505,-791,1703
578,-888,2108
201,-857,2098
285,-1040,1973
-310,-1135,2063
-1309,-1006,2451
-1184,-893,2211
-939,-869,1850
-1325,-806,2002
-1137,-782,2161
-985,-806,2276
-932,-927,2533
-888,-800,2619
-1110,-800,2995
-787,-941,3208
-476,-903,3266
-155,-616,2630
-243,-748,2940
22,-710,2633
197,-498,2097
321,-198,1647
482,193,922
841,286,956
1188,249,824
1129,-64,1586
722,-52,1744
389,67,1779
359,171,1715
133,305,1723
-58,269,2057
67,303,1998
58,285,1958
-15,238,2130
-215,214,2249
-244,276,2104
-337,275,2241
-256,248,2236
-163,266,2095
-171,277,2123
-91,228,2109
-144,251,2071
-241,235,2161
-276,201,2214
-127,207,2129
-45,267,1935
-219,249,2107
-256,200,2185
-166,186,2141
-124,191,2118
-151,229,2128
-165,210,2090
-136,200,2016
-193,224,2058
-173,189,2113
-156,189,2061
-88,142,2114
-185,186,1946
-205,156,1954
-137,26,1891
-205,8,1733
-303,-10,1668


















-,-,-
-57,-480,2140
-46,-468,2145
12,-439,2105
-56,-430,2119
-69,-434,2185
-44,-428,2071
-98,-456,2200
24,-413,2033
55,-451,2067
29,-474,2122
91,-398,2160
741,-469,1986
1188,-597,2082
321,-483,2329
488,-399,2229
1095,-475,1953
699,-556,2283
748,-700,2287
770,-839,2045
208,-991,2157
-387,-860,2275
-481,-726,1994
-1031,-739,2181
-1066,-588,2025
-781,-570,1778
-1003,-552,2029
-857,-511,2024
-728,-588,2323
-394,-668,2586
-298,-716,2904
-404,-642,3032
-420,-601,3210
-425,-628,3309
-223,-544,2933
-241,-336,2382
-565,-337,2289
-405,-467,2580
-378,-231,1827
15,-20,1424
440,-17,1375
489,-78,1669
1028,-46,1520
1120,145,1378
766,182,1445
670,133,1823
632,248,1583
424,329,1736
114,416,1738
201,352,2040
85,475,1855
16,432,1995
-127,365,2192
-130,370,2154
29,386,2028
-134,367,2163
-5,385,2137
-160,381,2134
-170,366,2128
-233,312,2221
-127,343,2143
-68,326,2082
-87,335,2083
-158,397,2020
-102,328,2071
-131,314,2121
-120,354,2111
-142,338,1999
-151,271,2101
-40,321,2004
-65,312,2045
-45,249,2131
-40,288,1997
-36,279,2116
